00000001111100000000000000000000
00000011111110010000000000000000
00001111111111010100000000000000
00001111000010111110000000000000
00001111000000011111000000000000
00001111000000001011101000000000
00001111000000000011111000000000
00001111000000000000111110000000
00001111000000000000011110000000
00001111000000000000001111000000
00001111000000000000000111000000
00000011000000000000000101000000
00000111000000000000000011100000
00000111000000000000000011110000
00000111000000000000000011110000
00000111100000000000000011110000
00000011100000000000000011110000
00000011100000000000000011110000
00000011110000000000000011110000
00000001110000000000000011110000
00000001111000000000000011000000
00000001111000000000000011010000
00000001111000000000000001100000
00000000111000000000000111100000
00000000101000000000000111000000
00000000111100000000001111000000
00000000011110000000111110000000
00000000001110000000111110000000
00000000001101000111111000000000
00000000000111111111110000000000
00000000000100111111000000000000
00000000000000110110000000000000
