00000100000000000000000000000000
00001100000000000000000000000000
00011100011000000000000000000000
00011100011101000000000000000000
00111111011111100000000000000000
00111111000111111100000000000000
00111000000000111110000000000000
00111000000000011101100000000000
00111000000000000111110000000000
01111000000000000011111000000000
00110000000000000001111000000000
01110000000000000000010100000000
01110000000000000000011110000000
01110000000000000000001011000000
01110000000000000000000111100000
01110000000000000000000011100000
01110000000000000000000011110000
01110000000000000000000001111000
00111000000000000000000000111100
00111000000000000000000000011100
00111000000000000000000000011110
00101100000000000000000000001110
00011100000000000000000000001110
00001110000000000000000000001110
00001111100000000000000000001110
00000011110000000000000000000110
00000011111100000000000000011100
00000000111111100000000000111100
00000000011111111100000001111000
00000000000111111111111111111000
00000000000000111111111101100000
00000000000000000101111110000000
