00000000000110000000000000000000
00000000000110110000000000000000
00000000001111111100000000000000
00000000010101011100000000000000
00000000011100111110000000000000
00000000111100001011100000000000
00000001111000000101100000000000
00000001111000000011101000000000
00000001110000000001111000000000
00000011110000000000110000000000
00000011000000000000111100000000
00000011100000000000011100000000
00000111100000000000011100000000
00000110100000000000001110000000
00000111100000000000000110000000
00000111000000000000000111000000
00000011000000000000000111100000
00000111000000000000000111100000
00000111000000000000000011100000
00000111000000000000000011100000
00000111000000000000000011100000
00000111000000000000000011100000
00000011000000000000000011100000
00000111100000000000000011100000
00000111100000000000000011100000
00000001100000000000000111000000
00000011110000000000001111000000
00000001111000000000111110000000
00000000111100000011111110000000
00000000100111111111111100000000
00000000001101111111100000000000
00000000000101111110000000000000
