00000000000000100000000000000000
00000000011011100000000000000000
00000001111111100000000000000000
00000000111111010000000000000000
00000000001111111110000000000000
00000000001111110111110000000000
00000000011100001111111000000000
00000000111100000001111010000000
00000000111000000000001110000000
00000001111000000000001111100000
00000001110000000000000011110000
00000011100000000000000001110000
00000011100000000000000001110000
00000111000000000000000001110000
00000111000000000000000001110000
00001110000000000000000001110000
00001110000000000000000001110000
00001110000000000000000001110000
00000110000000000000000001100000
00001110000000000000000000110000
00001110000000000000000001110000
00001110000000000000000011100000
00000111000000000000000111100000
00000111000000000000000111000000
00000111000000000000001110000000
00000011110000000000011110000000
00000001111000000001111100000000
00000000111100000011111000000000
00000000011111000111110000000000
00000000001111111111100000000000
00000000000111111010000000000000
00000000000000110100000000000000
