00000000000001000000000000000000
00000000000011110000000000000000
00000000000111111111100000000000
00000000000111111111110000000000
00000000001110000011010000000000
00000000001110000000111000000000
00000000011100000000011100000000
00000000011100000000001010000000
00000000111000000000000101000000
00000000111000000000000111000000
00000001101000000000000111000000
00000001110000000000000111000000
00000001110000000000000011000000
00000011100000000000000011000000
00000011100000000000000011000000
00000011100000000000000011000000
00000011100000000000000010000000
00000011100000000000000101000000
00000011100000000000000111000000
00000011100000000000000111000000
00000011100000000000000111000000
00000011100000000000001110000000
00000011100000000000011110000000
00000011100000000000111000000000
00000011100000000000111000000000
00000011100000000001111000000000
00000001110000000011100000000000
00000001110000001111100000000000
00000000111000011110000000000000
00000000101011111100000000000000
00000000011111111000000000000000
00000000000111000000000000000000
