00000000000011110100000000000010
00000000011111110111000000000010
00000000101011111111000000000010
00000011111100000111110000000010
00000001111100000001010000000010
00000000111000000000101100000010
00000000111000000000011100000010
00000000111000000000011100000010
00000001110000000000001110000010
00000001110000000000001110000010
00000001110000000000001110000010
00000001110000000000001110000010
00000000110000000000000111000010
00000001110000000000000111000010
00000001110000000000000111000010
00000001110000000000000111000010
00000001110000000000000111000010
00000001110000000000000111000010
00000001110000000000000111000010
00000001110000000000000100000010
00000001110000000000001111000010
00000001110000000000001110000010
00000001110000000000001110000010
00000000111000000000011110000010
00000000111000000000111100000010
00000000111000000000111000000010
00000000011100000001111000000010
00000000011110000111110000000010
00000000000110001110100000000010
00000000001011111111000000000010
00000000000011111100000000000010
00000000000001110000000000000010
