00000000000000000000000000000000
00000000001111100000000000000000
00000000111110111110000000000000
00000000011110101111000000000000
00000000011010001111000000000000
00000000011000000011100000000000
00000000011100000000111000000000
00000000011100000000011000000000
00000000011100000000001000000000
00000000011100000000011100000000
00000000111000000000011100000000
00000000111000000000011100000000
00000000110000000000011100000000
00000000111000000000011100000000
00000000111000000000011100000000
00000000111000000000011100000000
00000000111000000000011100000000
00000000111000000000011000000000
00000000111000000000011100000000
00000000111000000000011100000000
00000000111000000000011100000000
00000000111000000000111000000000
00000000111000000000011000000000
00000000111000000001100000000000
00000000111100000011110000000000
00000000011000000011100000000000
00000000011100000111000000000000
00000000001110001111000000000000
00000000001111011110000000000000
00000000000111111100000000000000
00000000000111111000000000000000
00000000000000110000000000000000
