00000000000011110000000000000000
00000000000111111101100000000000
00000000001110111011110000000000
00000000111100000011011000000000
00000001111000000000111100000000
00000011111000000000011110000000
00000010111000000000000110000000
00000001110000000000000111000000
00000001110000000000000111100000
00000010100000000000000001000000
00000011100000000000000011100000
00000111100000000000000001000000
00000111000000000000000001100000
00000111000000000000000001100000
00000111000000000000000001100000
00000111000000000000000001000000
00000111000000000000000011000000
00000111000000000000000011100000
00000111000000000000000011100000
00000111000000000000000111000000
00000111000000000000001111000000
00000111000000000000001110000000
00000010100000000000011110000000
00000011100000000000111100000000
00000011110000000000111000000000
00000001110000000001110000000000
00000000111000000011110000000000
00000000111000000111100000000000
00000000011100011111000000000000
00000000011111111100000000000000
00000000000111111000000000000000
00000000000011010000000000000000
