00000000000011111110000000000000
00000000001111111111100000000000
00000000101111111111000000000000
00000000011110000001110000000000
00000000011100000000111000000000
00000000011100000000011100000000
00000000111000000000011000000000
00000000110000000000001100000000
00000000110000000000001110000000
00000001110000000000001110000000
00000001110000000000000111000000
00000001100000000000000110000000
00000000100000000000000111000000
00000011100000000000000111000000
00000011100000000000000111000000
00000011100000000000000111000000
00000011100000000000000111000000
00000011100000000000000111000000
00000011100000000000000110000000
00000011100000000000001110000000
00000011100000000000011110000000
00000011100000000000111100000000
00000011100000000001111000000000
00000011100000000001110000000000
00000011100000000111100000000000
00000001100000001111000000000000
00000001110000111110000000000000
00000001110001011100000000000000
00000000111011110000000000000000
00000000111111100000000000000000
00000000011110000000000000000000
00000000000000000000000000000000
