00000000010111100000000000000000
00000000011111110000000000000000
00000000011111111010000000000000
00000000001110000101000000000000
00000000011100000110100000000000
00000000011100000011100000000000
00000000011000000001110000000000
00000000111000000000100000000000
00000000111000000000110000000000
00000000110000000000111000000000
00000001110000000000011000000000
00000001110000000000011100000000
00000001110000000000001110000000
00000001110000000000001100000000
00000001100000000000000110000000
00000001100000000000000110000000
00000001100000000000000110000000
00000001100000000000000110000000
00000001100000000000000110000000
00000001100000000000001110000000
00000001110000000000001110000000
00000001110000000000011100000000
00000000110000000000011000000000
00000000111000000000111000000000
00000000111000000000111000000000
00000000011100000001110000000000
00000000011100000011100000000000
00000000001110000011100000000000
00000000001111001111000000000000
00000000000011111100000000000000
00000000000011111100000000000000
00000000000001111000000000000000
