00000000000000000011100000000000
00000000000000001111110000000000
00000000000000111111110000000000
00000000000001111000111000000000
00000000000011110000011000000000
00000000000111100000011000000000
00000000000111100000011100000000
00000000011110000000011100000000
00000000001111000000011100000000
00000000000111000000011100000000
00000000001110000000011100000000
00000000001110000000011100000000
00000000001100000000011100000000
00000000011100000000011100000000
00000000011100000000011100000000
00000000011000000000011100000000
00000000111000000000011100000000
00000000011000000000011000000000
00000000111000000000111000000000
00000000111000000000111000000000
00000000111000000001110000000000
00000000111000000011110000000000
00000000111000000011100000000000
00000000111000000111000000000000
00000000111000001110000000000000
00000000111000011110000000000000
00000000111000111000000000000000
00000000111000111000000000000000
00000000111001110000000000000000
00000000011111100000000000000000
00000000001111000000000000000000
00000000000100000000000000000000
