00000000000000000000000000000000
00000000000111110110000000000000
00000011111111111110111000000000
00001111111111111111111100000000
00001111111110001111111110000000
00001111111000000000011110100000
00001111110000000000000110011000
00011111000000000000000001111000
00111110000000000000000000111100
01111100000000000000000000111100
00111100000000000000000000011100
11111000000000000000000000011110
10110000000000000000000000001111
11110000000000000000000000001111
11110000000000000000000000001111
11100000000000000000000000000111
11100000000000000000000000000111
11100000000000000000000000000111
11110000000000000000000000000111
11110000000000000000000000001111
01111000000000000000000000001111
01111100000000000000000000001111
00111111000000000000000000001111
00011111110000000000000000001110
00000111111000000000000000011110
00000011111110000000000000011110
00000000111111100000000000011100
00000000011111011100000011111000
00000000000101111111111111111000
00000000000001111111111111010000
00000000000000011111111011000000
00000000000000000000000000000000
