00000000000011111000000000000000
00000000000111110100000000000000
00000000001111001100000000000000
00000000000110000110000000000000
00000000001110000111000000000000
00000000001100000011000000000000
00000000001100000011100000000000
00000000011100000011100000000000
00000000011100000001100000000000
00000000011100000001110000000000
00000000011000000001110000000000
00000000011000000000110000000000
00000000011000000000111000000000
00000000011000000000111000000000
00000000011000000000011000000000
00000000011000000000011000000000
00000000011000000000011000000000
00000000001000000000011000000000
00000000011000000000011000000000
00000000011000000000011000000000
00000000011100000000001000000000
00000000011100000000011000000000
00000000000100000000111000000000
00000000001110000000111000000000
00000000001110000000110000000000
00000000000110000001110000000000
00000000000110000011100000000000
00000000000111000001100000000000
00000000000011000111000000000000
00000000000010001110000000000000
00000000000011111100000000000000
00000000000011111000000000000000
