00000000000000111100000000000000
00000000000001111111100000000000
00000000000110111101100000000000
00000000000110000000111000000000
00000000011100000000111000000000
00000000011100000000011000000000
00000000011100000000011100000000
00000000011000000000001000000000
00000000111000000000001100000000
00000000111000000000001110000000
00000000111000000000001110000000
00000000111000000000001110000000
00000000110000000000001110000000
00000000110000000000001110000000
00000001110000000000001110000000
00000001110000000000001110000000
00000001110000000000001110000000
00000001110000000000001110000000
00000001110000000000001100000000
00000001110000000000011100000000
00000001110000000000011100000000
00000000111000000000011100000000
00000000011000000000111000000000
00000000111100000000111000000000
00000000011100000001110000000000
00000000001110000011110000000000
00000000000110000011100000000000
00000000000111100111000000000000
00000000000011001111000000000000
00000000000001111010000000000000
00000000000001011100000000000000
00000000000000010000000000000000
