00000000000001110000000000000000
00000000000011111100000000000000
00000000000101111000000000000000
00000000011101001110000000000000
00000000011110000110000000000000
00000000011100000111000000000000
00000000011100000111000000000000
00000000011110000011100000000000
00000000011110000011000000000000
00000000011100000001100000000000
00000000011100000001100000000000
00000000011100000000110000000000
00000000011100000001110000000000
00000000011100000000110000000000
00000000011100000000011000000000
00000000011100000000111000000000
00000000011100000000111000000000
00000000011100000000111000000000
00000000011100000000111000000000
00000000011100000000111000000000
00000000001100000000111000000000
00000000001110000000111000000000
00000000000110000000011000000000
00000000001110000000111000000000
00000000000111000001110000000000
00000000000111000001110000000000
00000000000011100011100000000000
00000000000011100011100000000000
00000000000001110111000000000000
00000000000001111110000000000000
00000000000000111110000000000000
00000000000000000000000000000000
