00000000000000110000000000000000
00000000000011111100000000000000
00000000000111110100000000000000
00000000001111001100000000000000
00000000001110000011000000000000
00000000001110000110000000000000
00000000001110000011000000000000
00000000001100000011100000000000
00000000001100000001100000000000
00000000001100000001110000000000
00000000011100000000110000000000
00000000011100000000011000000000
00000000011100000000111000000000
00000000011100000000111000000000
00000000011100000000011100000000
00000000011100000000011100000000
00000000011100000000011100000000
00000000011100000000011100000000
00000000011100000000011100000000
00000000001100000000011100000000
00000000001100000000011100000000
00000000001110000000011100000000
00000000001110000000011000000000
00000000000110000000111000000000
00000000000111000000110000000000
00000000000111000001100000000000
00000000000011100001110000000000
00000000000001100010100000000000
00000000000001100111100000000000
00000000000001111111000000000000
00000000000000111110000000000000
00000000000000010100000000000000
