00000000000000000000000000000000
00000000000111110000000000000000
00000000000011111100000000000000
00000000000110011110000000000000
00000000000110000111000000000000
00000000000110000011000000000000
00000000001010000011100000000000
00000000001110000001100000000000
00000000001110000000100000000000
00000000001110000001110000000000
00000000001100000000110000000000
00000000001100000000100000000000
00000000001100000000111000000000
00000000001100000000111000000000
00000000001100000000111000000000
00000000001100000000111000000000
00000000001100000000111000000000
00000000001100000000111000000000
00000000001100000000110000000000
00000000001100000000110000000000
00000000001100000000110000000000
00000000001110000000110000000000
00000000001110000001110000000000
00000000001110000001110000000000
00000000000010000001100000000000
00000000000011000011100000000000
00000000000011000011100000000000
00000000000011100111000000000000
00000000000000100111000000000000
00000000000000110110000000000000
00000000000000111100000000000000
00000000000000001100000000000000
