00000000000000111000000000000000
00000000000001111000000000000000
00000000000010111100000000000000
00000000000111011100000000000000
00000000001111001000000000000000
00000000001110000110000000000000
00000000011110000111000000000000
00000000001110000011000000000000
00000000001110000011000000000000
00000000001110000011100000000000
00000000001100000001110000000000
00000000001100000001110000000000
00000000001100000001110000000000
00000000011100000000110000000000
00000000011100000000110000000000
00000000011100000000100000000000
00000000011100000000111000000000
00000000011100000000111000000000
00000000011100000000111000000000
00000000011100000000111000000000
00000000011100000000111000000000
00000000011100000000010000000000
00000000001100000000110000000000
00000000001110000000100000000000
00000000001110000001110000000000
00000000001110000011100000000000
00000000000101000011100000000000
00000000000111000111000000000000
00000000000011101110000000000000
00000000000001111110000000000000
00000000000000110100000000000000
00000000000000011000000000000000
