00000000000000011111100000000000
00000000000111111111111000000000
00000000001111111111101010000000
00000000000111100000001110000000
00000000000111000000001111000000
00000000001110000000000011000000
00000000001110000000000111100000
00000000011100000000000011100000
00000000011100000000000011100000
00000000111100000000000011100000
00000000111000000000000011100000
00000000111000000000000011100000
00000001110000000000000011100000
00000001110000000000000011100000
00000011100000000000000011100000
00000011100000000000000011100000
00000011100000000000000101100000
00000011100000000000000111000000
00000111000000000000000110000000
00000111000000000000001110000000
00000111000000000000011110000000
00000111000000000000011100000000
00000111000000000000111100000000
00000111000000000001110000000000
00000111000000000011110000000000
00000011000000000111100000000000
00000011100000001111000000000000
00000011010000011110000000000000
00000001111000111100000000000000
00000000111011111000000000000000
00000000011111110000000000000000
00000000000010100000000000000000
