00000000000000101100000000000000
00000000000000111110000000000000
00000000000001111110000000000000
00000000000001110110000000000000
00000000000011100111000000000000
00000000000111000011100000000000
00000000000111000011100000000000
00000000000110000001100000000000
00000000001110000001010000000000
00000000000110000001110000000000
00000000001100000001110000000000
00000000001100000000111000000000
00000000001100000000111000000000
00000000011100000000111000000000
00000000011100000000111000000000
00000000011100000000111000000000
00000000011100000000111000000000
00000000011100000000111000000000
00000000011100000000111000000000
00000000001100000000111000000000
00000000001100000000111000000000
00000000001110000000100000000000
00000000000110000000110000000000
00000000000010000001110000000000
00000000000111000001100000000000
00000000000111000011100000000000
00000000000011100011100000000000
00000000000011100111000000000000
00000000000001010111000000000000
00000000000001111110000000000000
00000000000000111100000000000000
00000000000000011000000000000000
