00000000000001111110000000000000
00000000000011011110000000000000
00000000000111100011000000000000
00000000000111000111000000000000
00000000000110000011100000000000
00000000000110000001100000000000
00000000001100000001110000000000
00000000011100000000110000000000
00000000011100000000111000000000
00000000011100000000111000000000
00000000111100000000111000000000
00000000111000000000011000000000
00000000011000000000011100000000
00000000111000000000011100000000
00000000111000000000001100000000
00000000111000000000001100000000
00000000111000000000001100000000
00000000111000000000001100000000
00000000111000000000001100000000
00000000111000000000011100000000
00000000111000000000011100000000
00000000011000000000011100000000
00000000111000000000011000000000
00000000011000000000111000000000
00000000011100000000111000000000
00000000001100000001110000000000
00000000001110000011110000000000
00000000001110000111100000000000
00000000000010001111000000000000
00000000000011111110000000000000
00000000000001111100000000000000
00000000000000000000000000000000
