00000000000000110000000000000000
00000000000011100000000000000000
00000000000011111000000000000000
00000000000111011110000000000000
00000000011110011111110000000000
00000000111100001011101000000000
00000000011100000001111100000000
00000001111000000000001111000000
00000001100000000000000011100000
00000011110000000000000011100000
00000011100000000000000011100000
00000011100000000000000011110000
00000111100000000000000011110000
00000111000000000000000011110000
00000111000000000000000011110000
00000111000000000000000011110000
00000111000000000000000011110000
00000111000000000000000011110000
00000111000000000000000011110000
00000111000000000000000011100000
00000111000000000000000011100000
00000111000000000000000011100000
00000111000000000000000111100000
00000011100000000000000111000000
00000011110000000000001111000000
00000011111000000000001110000000
00000000111000000000011010000000
00000000111110000000111100000000
00000000011111000001111100000000
00000000001111011111111000000000
00000000000010111111110000000000
00000000000000111110000000000000
