00000000000000001100000000000000
00000000000001111111000000000000
00000000000001011110000000000000
00000000000111000011100000000000
00000000000111000001100000000000
00000000000111000001110000000000
00000000111110000000110000000000
00000000111100000000111000000000
00000000111110000000111000000000
00000000111110000000011000000000
00000000111000000000011000000000
00000000111000000000011100000000
00000000111000000000011100000000
00000000111000000000011100000000
00000000111000000000011100000000
00000000111000000000011100000000
00000000111000000000011100000000
00000000111000000000010000000000
00000000111000000000010000000000
00000000011000000000110000000000
00000000011000000000111000000000
00000000011100000000110000000000
00000000011100000001110000000000
00000000001100000001110000000000
00000000001110000001110000000000
00000000000110000011100000000000
00000000000111000101000000000000
00000000000011000111000000000000
00000000000011101100000000000000
00000000000011111110000000000000
00000000000001011100000000000000
00000000000000000000000000000000
