00000000000001111100000000000000
00000000000011111101000000000000
00000000001111111011100000000000
00000000011111000011010000000000
00000000111100000001101000000000
00000000111000000000110000000000
00000000111000000000011100000000
00000000110000000000001110000000
00000000110000000000001110000000
00000000110000000000001110000000
00000001110000000000001110000000
00000001110000000000001110000000
00000001110000000000001110000000
00000001110000000000001110000000
00000001110000000000001110000000
00000001110000000000001110000000
00000001110000000000001010000000
00000001110000000000001100000000
00000001110000000000011100000000
00000001110000000000011100000000
00000001110000000000011100000000
00000000111000000000111000000000
00000000111000000000111000000000
00000000011100000001110000000000
00000000011100000001110000000000
00000000001110000011100000000000
00000000001110000011100000000000
00000000000111000110000000000000
00000000000111101111000000000000
00000000000001111110000000000000
00000000000000111100000000000000
00000000000000110000000000000000
