00000000000000110000000000000000
00000000000001100000000000000000
00000000000011101000000000000000
00000000000010011100000000000000
00000000000101001010000000000000
00000000001110001100000000000000
00000000001110000110000000000000
00000000001110000110000000000000
00000000001100000011000000000000
00000000001100000010100000000000
00000000011100000011100000000000
00000000011100000001100000000000
00000000011100000001100000000000
00000000011100000001100000000000
00000000011100000001110000000000
00000000011000000000110000000000
00000000011000000000111000000000
00000000011000000000111000000000
00000000011000000000011000000000
00000000011000000000011000000000
00000000011000000000011000000000
00000000011100000000011000000000
00000000001100000000011000000000
00000000001100000000111000000000
00000000001100000000111000000000
00000000000110000000110000000000
00000000001110000001110000000000
00000000000111000001110000000000
00000000000011100011100000000000
00000000000001101111000000000000
00000000000000111110000000000000
00000000000000011100000000000000
