00000000000101100000000000000000
00000000000101100100000000000000
00000000001110011110000000000000
00000000011100001010000000000000
00000000111100000111000000000000
00000000111000000010100000000000
00000000111000000001100000000000
00000000111000000001100000000000
00000000111000000000010000000000
00000000110000000000111000000000
00000000110000000000011100000000
00000000110000000000011100000000
00000000110000000000001100000000
00000000110000000000001100000000
00000000110000000000001100000000
00000000110000000000001100000000
00000000110000000000001100000000
00000000110000000000001100000000
00000000110000000000001100000000
00000000110000000000001100000000
00000000110000000000001100000000
00000000011000000000011100000000
00000000111000000000010100000000
00000000011000000000111000000000
00000000011100000000111000000000
00000000011100000001110000000000
00000000001110000011100000000000
00000000001110000111000000000000
00000000000110001110000000000000
00000000000111111100000000000000
00000000000011111000000000000000
00000000000001110000000000000000
