00000000000000011110000000000000
00000000000000111110100000000000
00000000000011111110110000000000
00000000000011000001100000000000
00000000000111000000111000000000
00000000011110000000111000000000
00000000011100000000011100000000
00000000011000000000011000000000
00000000111000000000011100000000
00000000111000000000001100000000
00000000111000000000001100000000
00000000111000000000001100000000
00000000111000000000001100000000
00000000111000000000001100000000
00000000110000000000001100000000
00000000110000000000001100000000
00000000110000000000011100000000
00000000110000000000011000000000
00000000110000000000011100000000
00000000110000000000011000000000
00000000110000000000111000000000
00000000110000000000111000000000
00000000110000000001110000000000
00000000110000000001100000000000
00000000111000000011100000000000
00000000111000000101000000000000
00000000011000000111000000000000
00000000001100001100000000000000
00000000010110011110000000000000
00000000000111110100000000000000
00000000000111111000000000000000
00000000000010100000000000000000
