00000001110110000000000000000000
00000111111111110000000000000000
00000111110111111000000000000000
00000110000000111110000000000000
00000110000000001111100000000000
00000110000000000011110000000000
00000110000000000001111000000000
00000110000000000000111100000000
00000110000000000000011000000000
00000110000000000000001110000000
00000110000000000000001111000000
00000110000000000000000111000000
00000110000000000000000011000000
00000110000000000000000011100000
00000011000000000000000001100000
00000111000000000000000001100000
00000001000000000000000001110000
00000011100000000000000001110000
00000011100000000000000001110000
00000001100000000000000001110000
00000001110000000000000001100000
00000001110000000000000001100000
00000001110000000000000011100000
00000000110000000000000011000000
00000000111000000000000111000000
00000000111000000000001110000000
00000000011100000000111100000000
00000000001100000001111000000000
00000000000110000111110000000000
00000000000111111111000000000000
00000000000011111110000000000000
00000000000000110000000000000000
