00000001111111110100000000000000
00000001110111111111000000000000
00000001110111111110010000000000
00000001110000000011101000000000
00000001110000000000110100000000
00000001110000000000011110000000
00000001110000000000001110000000
00000001110000000000001110000000
00000001110000000000001110000000
00000001110000000000001110000000
00000001110000000000001110000000
00000001110000000000001110000000
00000001110000000000001110000000
00000001110000000000001110000000
00000001110000000000001110000000
00000001110000000000001110000000
00000001110000000000001110000000
00000001110000000000001110000000
00000001110000000000011100000000
00000001110000000000011000000000
00000001110000000000011100000000
00000001110000000000111100000000
00000001110000000000111000000000
00000001110000000000111000000000
00000001110000000000111000000000
00000001110000000000110000000000
00000001110000000001010000000000
00000001110000000011100000000000
00000001111110000111000000000000
00000001111101111101000000000000
00000001001110110100000000000000
00000000100010110000000000000000
