00000000000100111100000000000000
00000000001011111101000000000000
00000000001111111110100000000000
00000000001011000001100000000000
00000000011100000001110000000000
00000000011100000001010000000000
00000000011000000000111000000000
00000000101000000000111000000000
00000000111000000000011100000000
00000000111000000000011100000000
00000000110000000000001100000000
00000000110000000000001110000000
00000000110000000000001110000000
00000001110000000000001110000000
00000001110000000000000110000000
00000001110000000000000110000000
00000001110000000000001110000000
00000001110000000000001110000000
00000001110000000000001110000000
00000001110000000000001110000000
00000001110000000000011100000000
00000001110000000000001100000000
00000001110000000000011000000000
00000001110000000000111000000000
00000001110000000001111000000000
00000000110000000011110000000000
00000000111000000110100000000000
00000000011000001111000000000000
00000000011100111110000000000000
00000000011111011100000000000000
00000000010111110000000000000000
00000000001111000000000000000000
