00000000000111111100000000000000
00000000001111111110000000000000
00000000011111001111100000000000
00000000111110000011010000000000
00000000110100000011110000000000
00000001111000000001111000000000
00000001111000000000101100000000
00000011111000000000011100000000
00000111111000000000011110000000
00000111110000000000001100000000
00000111100000000000000111000000
00000111100000000000000111000000
00000111000000000000000111000000
00000111100000000000000011100000
00000111100000000000000011100000
00000111100000000000000011100000
00000111100000000000000011100000
00000111000000000000000011100000
00000011100000000000000011100000
00000011000000000000000011100000
00000011100000000000000011100000
00000001110000000000000110100000
00000001111000000000001111000000
00000000111000000000011100000000
00000000111100000000111100000000
00000000011100000001111000000000
00000000011110000011110000000000
00000000001110001111100000000000
00000000000111011111000000000000
00000000000111111110000000000000
00000000000001111000000000000000
00000000000001000000000000000000
