00000000000000000000111100000000
00000000000000001111101100000000
00000000000011111111011111000000
00000000011111111111100111000000
00000000011111100000000111100000
00000000011111000000000011100000
00000000011110000000000011100000
00000000011100000000000011100000
00000000011100000000000011000000
00000000111000000000000011100000
00000001111000000000000011100000
00000001110000000000000011100000
00000001110000000000000011100000
00000001110000000000000011100000
00000011100000000000000011100000
00000011100000000000000011100000
00000011100000000000000011100000
00000011100000000000000011100000
00000011100000000000000111100000
00000011100000000000000111000000
00000111000000000000001111000000
00000111000000000000001110000000
00000111000000000000010110000000
00000111000000000000011000000000
00000111000000000000110100000000
00000111000000000001111000000000
00000111000000000111110000000000
00000111000000001111100000000000
00000111111111111111000000000000
00000111111111100100000000000000
00000111111111100000000000000000
00000110000000000000000000000000
