00000000110010000000000000000000
00000011111101000000000000000000
00000011111011010000000000000000
00000111100000110000000000000000
00001111000001111000000000000000
00001111000000101110000000000000
00000110000000011111000000000000
00001110000000000111000000000000
00011100000000000011110000000000
00011100000000000001111000000000
00011100000000000000101100000000
00011100000000000000011110000000
00011100000000000000001111000000
00011100000000000000001111000000
00011100000000000000000111100000
00011100000000000000000011100000
00011100000000000000000001110000
00011100000000000000000001110000
00011100000000000000000000111000
00011110000000000000000000111000
00001110000000000000000000111000
00001110000000000000000000111000
00001111000000000000000000111000
00000111000000000000000000111000
00000111100000000000000000110000
00000011100000000000000000111000
00000011110000000000000001111000
00000001111000000000000111110000
00000000111110000000111111100000
00000000011111111111111110000000
00000000011011111111111100000000
00000000000001111111110000000000
