00000000000000000000000000000000
00000000110000000000000000000000
00000000111110000000000000000000
00000001110110100000000000000000
00000001110011010000000000000000
00000001110001111000000000000000
00000001100000111100000000000000
00000011100000011110000000000000
00000011100000001111000000000000
00000011100000000011100000000000
00000011100000000001110000000000
00000011100000000001111000000000
00000011100000000000111100000000
00000011100000000000011100000000
00000011100000000000001110000000
00000011100000000000001100000000
00000011100000000000000111000000
00000011100000000000000111000000
00000011100000000000000111000000
00000001100000000000000111000000
00000001110000000000000111000000
00000001110000000000000111000000
00000001110000000000000111000000
00000000101000000000000111000000
00000000111000000000000111000000
00000000011000000000001110000000
00000000011100000000001110000000
00000000001110000000011100000000
00000000001110000000111100000000
00000000000111111111110000000000
00000000000111111111010000000000
00000000000001111111100000000000
