00000000001100000000000000000000
00000000101111110000000000000000
00000000111111111100000000000000
00000000110000011110000000000000
00000001110000000111000000000000
00000001110000000011100000000000
00000001110000000011110000000000
00000001010000000001100000000000
00000001100000000000111000000000
00000001100000000000111000000000
00000001100000000000011100000000
00000001100000000000011100000000
00000001100000000000000100000000
00000001100000000000001110000000
00000001100000000000001010000000
00000001100000000000000110000000
00000001100000000000000110000000
00000001110000000000000110000000
00000001110000000000000110000000
00000000110000000000000110000000
00000000111000000000000110000000
00000000111000000000000110000000
00000000011100000000000100000000
00000000011100000000001100000000
00000000001110000000001110000000
00000000001110000000011100000000
00000000000111000000011100000000
00000000000111000000111000000000
00000000000011100011110000000000
00000000000011111111100000000000
00000000000001111111000000000000
00000000000000011100000000000000
