00000000000000000000000000000000
00000000111010000000000000000000
00000000111101000000000000000000
00000000111111110000000000000000
00000000110000111000000000000000
00000000110000111110000000000000
00000000110000001110000000000000
00000000110000000011000000000000
00000000110000000111100000000000
00000000110000000011110000000000
00000000110000000000110000000000
00000000110000000000111000000000
00000000110000000000111000000000
00000000110000000000111000000000
00000000110000000000011100000000
00000000110000000000001100000000
00000000110000000000001100000000
00000000110000000000001110000000
00000000110000000000001110000000
00000000111000000000001110000000
00000000111000000000001110000000
00000000111100000000001110000000
00000000011100000000001100000000
00000000011100000000011100000000
00000000001110000000011100000000
00000000001110000000111000000000
00000000001111000001111000000000
00000000000111000011110000000000
00000000000011100111100000000000
00000000000011111111000000000000
00000000000000011110000000000000
00000000000000111100000000000000
