00000000000011110000000000000000
00000000000100110100000000000000
00000000000111111100000000000000
00000000001111011110000000000000
00000000011010001111100000000000
00000000111100000010010000000000
00000000111100000001110000000000
00000000111000000001101000000000
00000000111000000000111000000000
00000001111000000000011100000000
00000001111000000000011100000000
00000001110000000000001100000000
00000001110000000000001100000000
00000001110000000000001110000000
00000001110000000000001110000000
00000001110000000000001110000000
00000001110000000000001110000000
00000001110000000000001110000000
00000001110000000000001110000000
00000001110000000000001110000000
00000001110000000000001110000000
00000001110000000000001110000000
00000001110000000000001110000000
00000001110000000000001100000000
00000001110000000000011110000000
00000000111000000000001100000000
00000000111100000000111100000000
00000000111110000001110000000000
00000000011111100011010000000000
00000000000111111111100000000000
00000000000111111110000000000000
00000000000000111000000000000000
