00000000000001111110000000000000
00000000000111111111110000000000
00000000111111111111111000000000
00000001111110000000011000000000
00000011111000000000001100000000
00000011111000000000011110000000
00000001111000000000001100000000
00000000111000000000001111000000
00000000111000000000000111000000
00000000111000000000000111000000
00000001111000000000000011100000
00000000110000000000000011100000
00000001110000000000000011100000
00000001110000000000000011100000
00000001110000000000000011100000
00000001110000000000000011100000
00000001110000000000000011100000
00000001110000000000000011100000
00000001110000000000000011100000
00000001110000000000000011100000
00000001110000000000000011100000
00000001110000000000000111100000
00000001110000000000000111000000
00000001110000000000000111000000
00000001110000000000001110000000
00000001111000000000011110000000
00000000111000000000011000000000
00000000111110000000111100000000
00000000011111100001111000000000
00000000001111101111110000000000
00000000000001111111100000000000
00000000000000101110000000000000
