00000000000011100000000000000000
00000000011111110100000000000000
00000001001111111111000000000000
00000000111000000111110000000000
00000001110000000011111000000000
00000011110000000001110100000000
00000011100000000000111010000000
00000011100000000000011110000000
00000011100000000000001010000000
00000011100000000000000111000000
00000011100000000000000111000000
00000111100000000000000011100000
00000111000000000000000011100000
00000111000000000000000011100000
00000111000000000000000011100000
00000111000000000000000011100000
00000111000000000000000011100000
00000111000000000000000011100000
00000011000000000000000111100000
00000111100000000000000110000000
00000011100000000000001111000000
00000011100000000000001110000000
00000011110000000000011110000000
00000001110000000000011100000000
00000001111000000000111100000000
00000000111000000000111000000000
00000000111100000001111000000000
00000000011110000011110000000000
00000000001111000101100000000000
00000000001111111111000000000000
00000000000110111110000000000000
00000000000001011000000000000000
