00000001111111111110000000001000
00000111111111111111010000001000
00000111111111111111110000001000
00000011000000000000111100001000
00001110000000000000011110001000
00001110000000000000000110001000
00001110000000000000000110001000
00001110000000000000000011101000
00001110000000000000000011101000
00001100000000000000000001111000
00001100000000000000000001111000
00001100000000000000000000111000
00001100000000000000000000111000
00001100000000000000000000111000
00001100000000000000000000111000
00001100000000000000000000111000
00001110000000000000000000111000
00001110000000000000000000111000
00001010000000000000000000111000
00000110000000000000000001111000
00000110000000000000000001101000
00000111100000000000000011101000
00000011100000000000000011101000
00000001100000000000000111001000
00000001110000000000001110001000
00000001101000000000011110001000
00000000111000000000111000001000
00000000011100000011110000001000
00000000001100000111100000001000
00000000001111011111000000001000
00000000000101011100000000001000
00000000000000011000000000001000
