00000000000000111000000000000000
00000000000001111000000000000000
00000000001110111110000000000000
00000000011111100111100000000000
00000000111110000011110000000000
00000000111000000001110000000000
00000000111000000000111000000000
00000001111000000000011100000000
00000001110000000000011110000000
00000001110000000000001110000000
00000001110000000000001110000000
00000001110000000000000110000000
00000011100000000000000111000000
00000011100000000000000111000000
00000011100000000000000111000000
00000011100000000000000111000000
00000011100000000000000111000000
00000011100000000000000111000000
00000011100000000000001110000000
00000011100000000000001110000000
00000011100000000000011010000000
00000011100000000000011100000000
00000011100000000000111100000000
00000010110000000001111000000000
00000001110000000010110000000000
00000001110000000111100000000000
00000001111000001111000000000000
00000000111100011111000000000000
00000000011100111110000000000000
00000000011111110100000000000000
00000000000111111000000000000000
00000000000111000000000000000000
