00000000000111111110000000000000
00000000001111111101000000000000
00000000011111111111000000000000
00000000001100000011100000000000
00000000011100000011100000000000
00000000111000000000110000000000
00000000111000000001110000000000
00000000111000000001100000000000
00000000111000000001110000000000
00000000110000000000111000000000
00000001110000000000111000000000
00000001110000000000111100000000
00000001110000000000011100000000
00000001110000000000011100000000
00000001110000000000001010000000
00000001110000000000001110000000
00000001110000000000001100000000
00000001110000000000001110000000
00000001110000000000001110000000
00000001110000000000001110000000
00000001110000000000001110000000
00000001110000000000001110000000
00000001110000000000001100000000
00000001110000000000011100000000
00000001110000000000111100000000
00000000111000000001111100000000
00000000111000000011111000000000
00000000101000000111100000000000
00000000011100011111000000000000
00000000001111111100000000000000
00000000000111101100000000000000
00000000000111100000000000000000
