00000001111110000000000000000000
00000101111111110100000000000000
00000111111111111001000000000000
00001111111110110101011000000000
00111111000000011010111110000000
00111110000000000010111111100000
00011110000000000000010111110000
00111100000000000000000111110000
00111100000000000000000011111000
00111100000000000000000001010100
00111100000000000000000000111100
00111000000000000000000000111100
00111000000000000000000000010110
00111000000000000000000000011010
01110000000000000000000000001111
01111000000000000000000000001111
01111000000000000000000000001111
01111000000000000000000000001111
01110000000000000000000000001111
01110000000000000000000000001111
01110000000000000000000000001111
00111000000000000000000000001111
01010000000000000000000000001111
01110100000000000000000000001111
00011110000000000000000000001111
00101111100000000000000000001100
00011111111000000000000000011010
00000111111010000000000000111110
00000001111110101111111111111100
00000000010111101111111111111000
00000000000110011111111111110000
00000000000000011111111110100000
