00000000000101111110000000000000
00000001110111111111110000000000
00000111101111111111111000000000
00000011111000000000111100000000
00000010011100000000011110000000
00000000101000000000001101000000
00000000111000000000000101000000
00000001110000000000000011100000
00000001100000000000000011000000
00000001110000000000000001100000
00000001110000000000000001110000
00000001110000000000000001110000
00000001110000000000000001110000
00000001110000000000000001110000
00000001110000000000000001100000
00000001110000000000000000100000
00000001110000000000000011100000
00000001110000000000000011100000
00000001110000000000000111000000
00000000110000000000000111000000
00000001110000000000000110000000
00000001110000000000001110000000
00000000110000000000011100000000
00000000111000000000111100000000
00000000111000000000111000000000
00000000001000000011110000000000
00000000011100000011100000000000
00000000011100001111000000000000
00000000001100011110000000000000
00000000001111111100000000000000
00000000001111111000000000000000
00000000000011000000000000000000
