00000000000011111100000000000000
00000001111111111101000000000000
00000001111111111110000000000000
00000001110000000000101000000000
00000001110000000001111000000000
00000011110000000000011100000000
00000011100000000000011110000000
00000001100000000000001110000000
00000011100000000000001101000000
00000011100000000000000111000000
00000011100000000000000111000000
00000111000000000000000011100000
00000111000000000000000011100000
00000111000000000000000011100000
00000111000000000000000011100000
00000111000000000000000011100000
00000111000000000000000011100000
00000111000000000000000011000000
00000111000000000000000111000000
00000111000000000000000111000000
00000111000000000000001111000000
00000011100000000000001110000000
00000011100000000000001110000000
00000011100000000000011110000000
00000001110000000000111100000000
00000001110000000000111000000000
00000001111000000011110000000000
00000000011000000111100000000000
00000000011000011101000000000000
00000000001111111110000000000000
00000000001111111100000000000000
00000000000011110000000000000000
