00000000011111111100000000000000
00000001011111111111000000000000
00000000111111111110110000000000
00000001111000000010110000000000
00000000111000000001111100000000
00000000111000000000011110000000
00000001100000000000001110000000
00000000110000000000000111000000
00000001110000000000000111000000
00000001100000000000000110000000
00000011100000000000000011100000
00000011100000000000000011100000
00000011100000000000000011100000
00000011100000000000000111000000
00000011100000000000000111000000
00000011100000000000000111000000
00000011100000000000000111000000
00000011100000000000001110000000
00000011100000000000011110000000
00000011100000000000011100000000
00000011100000000000111100000000
00000010100000000001111000000000
00000001110000000011110000000000
00000001110000000111100000000000
00000001110000001111000000000000
00000000111000011110000000000000
00000000111000111110000000000000
00000000111101111000000000000000
00000000011111111000000000000000
00000000011111100000000000000000
00000000001111000000000000000000
00000000001010000000000000000000
