00000000000001110100000000000000
00000000001111111110000000000000
00000000011111111111100000000000
00000000111110000101110100000000
00000000001100000000111110000000
00000000010100000000000110000000
00000000111100000000001111000000
00000000111000000000000111000000
00000001111000000000000111100000
00000001110000000000000001100000
00000011110000000000000011100000
00000011100000000000000001110000
00000111100000000000000001110000
00000110000000000000000001110000
00000111000000000000000001110000
00000111000000000000000001110000
00001111000000000000000011100000
00001110000000000000000011100000
00001110000000000000000011100000
00001110000000000000000111100000
00001110000000000000001111000000
00000111000000000000011110000000
00000111000000000000111010000000
00000101000000000001111100000000
00000111100000000011110000000000
00000011100000000111100000000000
00000011110000011111000000000000
00000001110000111110000000000000
00000000111001111100000000000000
00000000000111111000000000000000
00000000011111100000000000000000
00000000001111000000000000000000
