00000000000000110000000000000000
00000000000001111110000000000000
00000000000110111111000000000000
00000000000111001011110000000000
00000000001111000011111000000000
00000000001110000001111000000000
00000000001100000000111000000000
00000000011110000000010100000000
00000000011100000000001100000000
00000000011100000000001110000000
00000000111100000000001110000000
00000000111000000000001110000000
00000000111000000000001100000000
00000000111000000000001110000000
00000001110000000000000110000000
00000000110000000000011110000000
00000001110000000000011100000000
00000001110000000000011100000000
00000001110000000000001100000000
00000001110000000000011100000000
00000001110000000000011100000000
00000001110000000000101100000000
00000001110000000000111000000000
00000001110000000000111000000000
00000001110000000001110000000000
00000001110000000011110000000000
00000001110000000111100000000000
00000001110000001111000000000000
00000001110000011110000000000000
00000000111111111100000000000000
00000000011111111000000000000000
00000000001111100000000000000000
