00000000011110000000000000000000
00000000111110100000000000000000
00000011111111111000000000000000
00000001000010111100000000000000
00000011000000111111000000000000
00000111000000001111110000000000
00001110000000000011111000000000
00001110000000000001110100000000
00011110000000000000111101000000
00010100000000000000001110000000
00011100000000000000000111100000
00001100000000000000000001100000
00011100000000000000000011110000
00011100000000000000000001101000
00011100000000000000000000110000
00011100000000000000000000111100
00011100000000000000000000111100
00011100000000000000000000111000
00011100000000000000000000111000
00011100000000000000000001101000
00011100000000000000000101110000
00011100000000000000001111100000
00011100000000000000011111000000
00011100000000000001111110000000
00011110000000000011111000000000
00001110000000001111100000000000
00000111000000011111000000000000
00000111100001111110000000000000
00000111100011111100000000000000
00000011111111110000000000000000
00000001011111000000000000000000
00000000111100000000000000000000
