00000110111000000000000000000001
00000111111110000000000000000001
00000111011111100000000000000001
00000001101010110000000000000001
00000001110011111100000000000001
00000011110000011101000000000001
00000011100000001111100000000001
00000011100000000111110000000001
00000111100000000011110000000001
00000111000000000001111000000001
00000111000000000000111100000001
00001111000000000000011110000001
00001110000000000000011110000001
00001110000000000000001111000001
00001110000000000000000111000001
00001110000000000000000011100001
00001110000000000000000011100001
00001110000000000000000011100001
00001110000000000000000001110001
00001110000000000000000001110001
00001110000000000000000001110001
00001110000000000000000001110001
00001110000000000000000001110001
00001110000000000000000011100001
00001110000000000000001111100001
00001110000000000000111111000001
00001110000000000011011110000001
00001110000000001111111000000001
00001110000000111111100000000001
00000011011111101110000000000001
00000000111111111000000000000001
00000000101111000000000000000001
