00000000000111111011000000000000
00000000011101111111010000000000
00000001111111111111111100000000
00000101111111000111111010000000
00001111111000000000011111000000
00000111110000000000001111100000
00000011110000000000000110100000
00000111100000000000000011110000
00000111100000000000000011110000
00000111000000000000000001111000
00001111000000000000000000111000
00001111000000000000000000111000
00011110000000000000000000111000
00011110000000000000000000111100
00011110000000000000000000111100
00011100000000000000000000111100
00011100000000000000000000111100
00011100000000000000000000111100
00001100000000000000000000111100
00011100000000000000000000111100
00011100000000000000000000111000
00011100000000000000000001111000
00011100000000000000000000111000
00011100000000000000000011110000
00011100000000000000001111010000
00011110000000000000011111100000
00011110000000000001111110000000
00001111000000001111111100000000
00000111100001111111110000000000
00000011111111111101000000000000
00000011001111011100000000000000
00000000001111100000000000000000
