00000000000101111111110000000000
00000000001011111111111111000000
00000000001111111111111111000000
00000000011111111111110101010000
00000000111110100000000101111000
00000000111100000000000001110100
00000001111100000000000000111100
00000001111000000000000000111110
00000011111000000000000000011110
00000011110000000000000000011110
00000111110000000000000000011110
00000111100000000000000000011110
00001111100000000000000000011110
00001111000000000000000000011110
00001111000000000000000000011110
00011110000000000000000000011000
00011110000000000000000000011110
00111100000000000000000000011110
00111100000000000000000000101100
00111100000000000000000000111100
01111000000000000000000001111100
01111000000000000000000001111000
01111000000000000000000011111000
00011000000000000000000111110000
01111000000000000000001111100000
01111000000000000000011111100000
01111100000000000000111111000000
00011111100000000001111110000000
00101111110111111111111100000000
00001011110111111111111000000000
00000011101111111111100000000000
00000000101111111110000000000000
