00000000011000000000000000000000
00000000011110000000000000000000
00000000111101100000000000000000
00000000111101111000000000000000
00000001111001011100000000000000
00000001110000011101000000000000
00000001110000000011100000000000
00000011100000000011000000000000
00000011100000000011110000000000
00000011100000000001111000000000
00000011000000000000111000000000
00000111000000000000011100000000
00000111000000000000011100000000
00000111000000000000001110000000
00000111000000000000001110000000
00000111000000000000000111000000
00000111000000000000000111000000
00000111000000000000000011000000
00000011000000000000000011100000
00000011100000000000000011100000
00000011100000000000000011100000
00000011100000000000000011100000
00000001110000000000000011100000
00000001110000000000000111000000
00000000111000000000000111000000
00000000111000000000000111000000
00000000001100000000001110000000
00000000011110000000011110000000
00000000001111000001110100000000
00000000000111101111111000000000
00000000000001101111000000000000
00000000000000101110000000000000
