00001111111111110000000000000000
00011111111111111111000000000000
00001111111111110111110000000000
00000011000000111111111000000000
00000101100000000011111100000000
00001111100000000000111110000000
00000111000000000000001110000000
00011110000000000000001111000000
00011110000000000000000111100000
00111100000000000000000111100000
00111100000000000000000011110000
00111000000000000000000001110000
00111000000000000000000000111000
00111000000000000000000000111100
00111000000000000000000000101100
00111000000000000000000000011100
00111000000000000000000000011110
00111000000000000000000000011110
00111000000000000000000000011110
00111000000000000000000000011100
00111000000000000000000000111000
00011000000000000000000001111100
00111000000000000000000011111000
00111100000000000000000111111000
00111100000000000000011110100000
00011110000000000001111111000000
00011110000000000111111110000000
00000111100000011111011000000000
00001011111001111111100000000000
00000111111111111110000000000000
00000001011111101000000000000000
00000000010110100000000000000000
