00000000000001000000000000000000
00000000000011100000000000000000
00000000000111100000000000000000
00000000001101111000000000000000
00000000011111011000000000000000
00000000001100111111000000000000
00000000111100001111110000000000
00000000110000000011110100000000
00000001110000000000011110000000
00000011110000000000000101000000
00000001100000000000000111100000
00000011100000000000000011100000
00000011000000000000000011100000
00000101000000000000000011100000
00000111000000000000000011100000
00000111000000000000000011100000
00000111000000000000000011000000
00000110000000000000000011100000
00000111000000000000000001100000
00000111000000000000000011100000
00000111000000000000000111000000
00000111000000000000000111000000
00000111000000000000001111000000
00000111000000000000001110000000
00000111000000000000011100000000
00000111100000000000111100000000
00000011100000000001111000000000
00000011110000000011110000000000
00000000111100000111100000000000
00000000111111111111000000000000
00000000011111111110000000000000
00000000000111110000000000000000
