00000000111000000000000000000000
00000000111111000000000000000000
00000000111111110000000000000000
00000000111001111100000000000000
00000000111001110111000000000000
00000000111000011111100000000000
00000001110000000011010000000000
00000001110000000001001000000000
00000001110000000000101100000000
00000011110000000000011000000000
00000011100000000000010110000000
00000011100000000000001110000000
00000011100000000000001111000000
00000011100000000000000110000000
00000011100000000000000111000000
00000011100000000000000111000000
00000011100000000000000111000000
00000011100000000000000110000000
00000011100000000000001111000000
00000001100000000000001100000000
00000011110000000000001110000000
00000001110000000000011100000000
00000001110000000000010100000000
00000000111000000000111000000000
00000000111000000001111000000000
00000000011100000011110000000000
00000000011100000011100000000000
00000000011110001111100000000000
00000000001110011111000000000000
00000000000011111110000000000000
00000000000111101100000000000000
00000000000001111000000000000000
