00000000000100000000000000000000
00000000000110000000000000000000
00000000001111000000000000000000
00000000001111110000000000000000
00000000011101101100000000000000
00000000111101011111000000000000
00000000111100001111110000000000
00000000111000000111111100000000
00000001111000000001111010000000
00000001110000000000001100000000
00000001110000000000001110000000
00000011110000000000000111000000
00000011100000000000000111000000
00000111100000000000000011100000
00000111000000000000000011100000
00000111000000000000000011100000
00000111000000000000000011100000
00000111000000000000000011100000
00000111000000000000000111000000
00000111000000000000000111000000
00000111000000000000001111000000
00000111000000000000011110000000
00000111000000000000111110000000
00000111000000000000111100000000
00000101000000000011111000000000
00000011000000000011110000000000
00000011100000001111100000000000
00000011100000011111000000000000
00000000111000011110000000000000
00000001111111111100000000000000
00000000011011011000000000000000
00000000001011000000000000000000
