00000000000001010000000000000000
00000000000001111010000000000000
00000000000001011110000000000000
00000000000011101011100000000000
00000000000011100011100000000000
00000000000011100001110000000000
00000000000111000001110000000000
00000000000111000001110000000000
00000000000111000000111000000000
00000000000110000000111000000000
00000000001110000000111000000000
00000000001110000000111000000000
00000000001110000000111000000000
00000000001110000000111000000000
00000000011100000000111000000000
00000000001100000000111000000000
00000000011100000000111000000000
00000000011100000000111000000000
00000000011100000000111000000000
00000000011100000000111000000000
00000000011100000000111000000000
00000000011100000000111000000000
00000000011100000000111000000000
00000000011100000000110000000000
00000000001100000000111000000000
00000000001100000001110000000000
00000000001110000001110000000000
00000000001010000011110000000000
00000000000111100111100000000000
00000000000011101111000000000000
00000000000011011111000000000000
00000000000000101000000000000000
