00000000001110000000000000000000
00000000011110110000000000000000
00000000111111111100000000000000
00000001111000111111000000000000
00000001110000001111010000000000
00000011010000000011111100000000
00000011100000000000111100000000
00000111000000000000011110000000
00000011000000000000001101000000
00000111000000000000000111100000
00001110000000000000000001100000
00001110000000000000000010110000
00001110000000000000000001100000
00001110000000000000000001010000
00001110000000000000000001110000
00001110000000000000000001110000
00001110000000000000000001110000
00001110000000000000000001110000
00001110000000000000000001110000
00001110000000000000000001110000
00001110000000000000000001110000
00000110000000000000000001100000
00001111000000000000000011110000
00000011000000000000000111100000
00000111000000000000001111000000
00000111100000000000011110000000
00000011100000000001111100000000
00000011110000000111111000000000
00000001111000001111110000000000
00000000111111111111000000000000
00000000011111111100000000000000
00000000000111011000000000000000
