00000001100000000000000000000000
00000001110000000000000000000000
00000001111100000000000000000000
00000000011111000000000000000000
00000000011111100000000000000000
00000000011111111000000000000000
00000000111000111110000000000000
00000000011000011110000000000000
00000001110000000111100000000000
00000001110000000011100000000000
00000000110000000001111000000000
00000001110000000000111000000000
00000001100000000000011000000000
00000011100000000000011000000000
00000011100000000000001110000000
00000011100000000000001110000000
00000011100000000000000110000000
00000011100000000000000111000000
00000011100000000000000111000000
00000011100000000000000111000000
00000011100000000000000111000000
00000001100000000000000111000000
00000001100000000000000011000000
00000001110000000000000111000000
00000000110000000000001110000000
00000000101000000000011100000000
00000000111000000001111100000000
00000000011100000011110000000000
00000000011110001111100000000000
00000000001111111110000000000000
00000000000101110100000000000000
00000000000011010000000000000000
