00000000001100000000000000000000
00000000011111000000000000000000
00000000111111110000000000000000
00000000111001111100000000000000
00000001111000111100000000000000
00000001110000011110000000000000
00000001110000001111000000000000
00000001100000000111000000000000
00000011100000000011110000000000
00000011100000000001110000000000
00000011100000000000111000000000
00000010100000000000111000000000
00000111000000000000011100000000
00000111000000000000001110000000
00000111000000000000001110000000
00000111000000000000000111000000
00000111000000000000000011000000
00000111000000000000000110100000
00000111000000000000000011000000
00000111000000000000000011100000
00000111000000000000000011100000
00000111000000000000000011100000
00000111100000000000000011100000
00000011100000000000000110100000
00000011000000000000001111000000
00000001110000000000111110000000
00000001111000000011111100000000
00000000011000000111110000000000
00000000111100011101100000000000
00000000011110111110000000000000
00000000000111111000000000000000
00000000000010010000000000000000
