00000000000000000000000000000000
00000000000001100000000000000000
00000000000011100000000000000000
00000000000011100000000000000000
00000000000111100000000000000000
00000000000111101110000000000000
00000000001110011111000000000000
00000000000110000101000000000000
00000000001100000011110000000000
00000000011100000001111000000000
00000000011100000000111000000000
00000000111000000000011010000000
00000000111000000000001110000000
00000000111000000000000110000000
00000001010000000000000110000000
00000001110000000000000110000000
00000001110000000000000100000000
00000001110000000000001110000000
00000001100000000000001110000000
00000001100000000000001110000000
00000001100000000000001110000000
00000000100000000000001110000000
00000000100000000000001100000000
00000001110000000000011100000000
00000000111000000000011100000000
00000000111000000000110000000000
00000000001110000000111000000000
00000000000111000000111000000000
00000000000111010001110000000000
00000000000011111101110000000000
00000000000000101111100000000000
00000000000000001101000000000000
