00000001100010000000000000000000
00000001111110000000000000000000
00000001111111100000000000000000
00000000111111110000000000000000
00000000011110111110000000000000
00000000011100110111000000000000
00000000111100001011100000000000
00000000111000000011110000000000
00000001110000000000111000000000
00000001110000000000111100000000
00000011110000000000101000000000
00000011100000000000011100000000
00000111100000000000001110000000
00000111000000000000001111000000
00000111000000000000000111000000
00000011000000000000000111000000
00001111000000000000000111100000
00001110000000000000000011100000
00001110000000000000000011100000
00001110000000000000000011110000
00001110000000000000000001110000
00001111000000000000000001110000
00001110000000000000000001110000
00000111000000000000000001110000
00000111100000000000000001110000
00000011100000000000000011110000
00000011110000000000000111100000
00000000110000000000011111100000
00000001111100000111011111000000
00000000111111111111110100000000
00000000011111111111110000000000
00000000000011111100000000000000
