00000000000000000000000000000000
00000000001100000000000000000000
00000000001111000000000000000000
00000000001111111000000000000000
00000000011111111111000000000000
00000000011100011111100000000000
00000000111100000011110000000000
00000000111000000001111000000000
00000000111000000000111000000000
00000000110000000000011000000000
00000001110000000000011100000000
00000001110000000000001110000000
00000001110000000000000110000000
00000001100000000000001110000000
00000001100000000000000110000000
00000001100000000000000110000000
00000001100000000000000110000000
00000001100000000000000110000000
00000001100000000000000110000000
00000001100000000000000100000000
00000001100000000000000110000000
00000001100000000000001110000000
00000001100000000000011110000000
00000001100000000000011100000000
00000001110000000000111000000000
00000001110000000001111000000000
00000000111000000111110000000000
00000000111000001110100000000000
00000000011100111110000000000000
00000000011111111100000000000000
00000000001111110000000000000000
00000000000011000000000000000000
