00000000000000000000000000000000
00000000001100000000000000000000
00000000001110000000000000000000
00000000011111100000000000000000
00000000011111110000000000000000
00000000111001111000000000000000
00000000110000111100000000000000
00000000110000011010000000000000
00000000110000001110000000000000
00000000110000000111000000000000
00000000110000000011100000000000
00000000110000000011100000000000
00000001100000000001110000000000
00000000110000000001110000000000
00000000100000000000110000000000
00000001100000000000111000000000
00000001100000000000011100000000
00000001100000000000011100000000
00000001100000000000001100000000
00000001100000000000001110000000
00000001100000000000001110000000
00000001100000000000000110000000
00000001110000000000000110000000
00000001110000000000000110000000
00000001110000000000000110000000
00000000001000000000000110000000
00000000111000000000001110000000
00000000011100000000011010000000
00000000011110000000111100000000
00000000001111111110111000000000
00000000000111111111110000000000
00000000000001111110000000000000
