00000000000000000011000000000000
00000000000000001111100000000000
00000000000000111111111000000000
00000000000001111100110000000000
00000000000111111000111100000000
00000000001111100000011100000000
00000000011111100000001000000000
00000000011111100000011000000000
00000000011111000000001110000000
00000000001111000000001110000000
00000000001100000000001110000000
00000000011110000000001110000000
00000000011100000000001110000000
00000000011100000000001110000000
00000000011100000000001110000000
00000000111000000000001110000000
00000000011000000000001100000000
00000000111000000000001110000000
00000001111000000000001110000000
00000001110000000000011110000000
00000001110000000000011100000000
00000001110000000000011100000000
00000001110000000000111100000000
00000001110000000001111000000000
00000001110000000011111000000000
00000001110000000111110000000000
00000001111000001111100000000000
00000000111000111111000000000000
00000000111101111100000000000000
00000000011111110000000000000000
00000000000111000000000000000000
00000000001111000000000000000000
