00000000111111100000000000000000
00000001111111111100000000000000
00000101111111111110100000000000
00000111110000000101110000000000
00001110111000000001110000000000
00001110110000000000011000000000
00001111110000000000011000000000
00000101110000000000001110000000
00000001110000000000001110000000
00000001100000000000000111000000
00000001100000000000000110000000
00000001100000000000000101000000
00000001100000000000000011100000
00000001100000000000000011100000
00000001100000000000000011100000
00000001100000000000000001100000
00000001100000000000000001110000
00000001100000000000000001110000
00000001100000000000000001110000
00000001110000000000000000110000
00000001110000000000000000110000
00000001110000000000000000110000
00000000110000000000000000110000
00000000111000000000000001110000
00000000111000000000000001110000
00000000011100000000000011110000
00000000001110000000000111100000
00000000000111000000001111000000
00000000000111100000111110000000
00000000000011111111111100000000
00000000000001001111110000000000
00000000000000011111000000000000
