00000000000110000000000000000000
00000000001111111000000000000000
00000000001111011011000000000000
00000000001100001011000000000000
00000000011100000011110000000000
00000000011100000001101000000000
00000000011000000000111000000000
00000000111000000000011100000000
00000000111000000000011100000000
00000000111000000000001100000000
00000000111000000000001110000000
00000000111000000000001110000000
00000000110000000000001110000000
00000000110000000000001110000000
00000000010000000000001110000000
00000001110000000000001110000000
00000001110000000000001110000000
00000001110000000000001110000000
00000001110000000000001100000000
00000001110000000000011100000000
00000001110000000000011100000000
00000000010000000000111000000000
00000000110000000001111000000000
00000000111000000011110000000000
00000000111000000111100000000000
00000000011000000111000000000000
00000000011100001110000000000000
00000000011110011110000000000000
00000000001010111100000000000000
00000000001011101000000000000000
00000000000011110000000000000000
00000000000010000000000000000000
