00000000010011010000000000000000
00000000011111111100000000000000
00000000011011111110000000000000
00000000011000001111100000000000
00000000011000000001100000000000
00000000011000000000110000000000
00000000111000000000111000000000
00000000111000000000010000000000
00000000111000000000011000000000
00000000110000000000011000000000
00000000110000000000011000000000
00000000110000000000011100000000
00000000110000000000011100000000
00000000110000000000011100000000
00000000110000000000001100000000
00000000110000000000001000000000
00000000110000000000001100000000
00000000110000000000001100000000
00000000110000000000001100000000
00000000110000000000001100000000
00000000110000000000001100000000
00000000110000000000001100000000
00000000111000000000001100000000
00000000011000000000011000000000
00000000011100000000011100000000
00000000011100000000110000000000
00000000001100000111111000000000
00000000001100110111000000000000
00000000001111111110000000000000
00000000001111100000000000000000
00000000000111000000000000000000
00000000000010000000000000000000
