00000000000100100000000000000000
00000000111110110100000000000000
00000000111101111110000000000000
00000001111000011111100000000000
00000001111000000001110000000000
00000001110000000010111000000000
00000011110000000001111100000000
00000011000000000000111110000000
00000111100000000000000101000000
00000111000000000000001010100000
00000111000000000000000111000000
00000111000000000000000011100000
00001111000000000000000001000000
00001111000000000000000001010000
00000110000000000000000001110000
00001110000000000000000001110000
00001110000000000000000001110000
00001110000000000000000001110000
00001110000000000000000001110000
00001110000000000000000001110000
00001110000000000000000001110000
00000111000000000000000001100000
00000111000000000000000011110000
00000111100000000000000011100000
00000001110000000000000110100000
00000001110000000000000111100000
00000001111000000000001111000000
00000000010110000000011110000000
00000000010111100000111110000000
00000000001101111111111000000000
00000000000011111111010000000000
00000000000000011110100000000000
