00000000000111111100000000000000
00000000000111111110000000000000
00000000001111111111000000000000
00000000001110000001110000000000
00000000011100000001011000000000
00000000011000000000111000000000
00000000111000000000011000000000
00000000111000000000011100000000
00000000111000000000001100000000
00000000110000000000001110000000
00000001110000000000001110000000
00000001110000000000001110000000
00000001110000000000000110000000
00000001110000000000000110000000
00000001100000000000000110000000
00000001100000000000000110000000
00000001100000000000000110000000
00000001100000000000000110000000
00000001100000000000001110000000
00000000110000000000000110000000
00000001110000000000001110000000
00000001111000000000011100000000
00000000111000000000011100000000
00000000111000000000111100000000
00000000011000000000111000000000
00000000011110000001111000000000
00000000001111000011100000000000
00000000000111100011100000000000
00000000000011100111000000000000
00000000000011111111000000000000
00000000000000111110000000000000
00000000000000001000000000000000
