00000000000100000000000000000000
00000000001100000000000000000000
00000000001111101100000000000000
00000000001011101001000000000000
00000000011100000010000000000000
00000000011000000011111000000000
00000000111000000000111100000000
00000000111000000000011100000000
00000000110000000000011100000000
00000001100000000000001110000000
00000001110000000000000110000000
00000001110000000000000110000000
00000001100000000000000111000000
00000001100000000000000111000000
00000011100000000000000111000000
00000011100000000000000111000000
00000011100000000000000111000000
00000011100000000000000111000000
00000011100000000000000111000000
00000011100000000000000111000000
00000011100000000000000110000000
00000011100000000000001110000000
00000011100000000000001110000000
00000011100000000000001010000000
00000000100000000000011100000000
00000001110000000000011100000000
00000000111000000000111000000000
00000000111000000001110000000000
00000000011110000011110000000000
00000000001111111111000000000000
00000000000100111111000000000000
00000000000001111100000000000000
