00000000000000000101010000000000
00000000000000111101011100000000
00000000000011011111011110000000
00000000000111110110111111000000
00000000011111110000001111000000
00000000111111100000000111100000
00000000101110000000000011110000
00000000111000000000000001100000
00000011111000000000000001110000
00000011110000000000000001111000
00000111100000000000000001111000
00000111100000000000000001111000
00001111000000000000000001111000
00001111000000000000000001111000
00001110000000000000000001111000
00001110000000000000000001111000
00011110000000000000000001111000
00001110000000000000000001111000
00011110000000000000000001111000
00011110000000000000000001110000
00011110000000000000000001110000
00011110000000000000000011100000
00011110000000000000000011110000
00011110000000000000001111100000
00011110000000000000001111000000
00011110000000000000111110000000
00001110000000000000111110000000
00001111000000000111111100000000
00000111110000111111110000000000
00000101111111111111100000000000
00000011111111111110000000000000
00000000101111011000000000000000
