00000000000101101000000000000000
00000000011011111101000000000000
00000001111111101111110000000000
00000001111000000011111000000000
00000011110000000000111100000000
00000011100000000000011100000000
00000011100000000000011110000000
00000111000000000000001111000000
00000111000000000000000011100000
00000011000000000000000001100000
00000111000000000000000011100000
00001110000000000000000001110000
00001110000000000000000001110000
00001110000000000000000001110000
00001110000000000000000001110000
00001110000000000000000001110000
00001110000000000000000001110000
00001110000000000000000001110000
00001110000000000000000001110000
00001110000000000000000001110000
00001110000000000000000001110000
00001110000000000000000011100000
00001110000000000000000011100000
00000111000000000000000011000000
00000111000000000000001111000000
00000111100000000000011110000000
00000011100000000000111100000000
00000011110000000011101100000000
00000001111000000111111000000000
00000000111111111101100000000000
00000000010111111111000000000000
00000000000111111000000000000000
