00000000000100000000000000000000
00000000000111000000000000000000
00000001111110110000000000000000
00000001110001111000000000000000
00000001110000111100000000000000
00000001110000010110000000000000
00000001110000001110000000000000
00000001110000000111100000000000
00000001110000000011100000000000
00000001110000000001100000000000
00000001100000000000111000000000
00000001100000000000111000000000
00000001100000000000001100000000
00000001100000000000011100000000
00000001100000000000001110000000
00000001100000000000001110000000
00000001100000000000001110000000
00000001100000000000000110000000
00000001110000000000000110000000
00000001110000000000000110000000
00000001110000000000000110000000
00000001110000000000000110000000
00000000110000000000000110000000
00000000111000000000001110000000
00000000111000000000001110000000
00000000011000000000001110000000
00000000011100000000011100000000
00000000001110000000111100000000
00000000001110000001111000000000
00000000000011000011110000000000
00000000000011101111100000000000
00000000000000101111000000000000
