00000000000000000110000000000000
00000000000000011111010000000000
00000000000000111101110000000000
00000000000001111101110100000000
00000000001011110000111000000000
00000000001111100000011100000000
00000000011111000000001110000000
00000000111110000000001110000000
00000000111100000000001111000000
00000000111110000000000110000000
00000000111000000000000111000000
00000001110000000000000111100000
00000001110000000000000111100000
00000001110000000000000111100000
00000001110000000000000111100000
00000011110000000000000111100000
00000001110000000000000111100000
00000011100000000000000111100000
00000011100000000000000111100000
00000011100000000000000111100000
00000011100000000000000111000000
00000011100000000000000111000000
00000011100000000000001111000000
00000011100000000000001111000000
00000011100000000000011110000000
00000011100000000000011100000000
00000011100000000000111100000000
00000001110000000011111000000000
00000011111000000011110000000000
00000001111111111111100000000000
00000000011111111111000000000000
00000000001111111000000000000000
