00000000001010000000000000000000
00000001111111010000000000000000
00000000101010111000000000000000
00000011100001011101000000000000
00000011100000000111100000000000
00000011100000000111100000000000
00000111000000000011110000000000
00000111000000000001111000000000
00000111000000000000111100000000
00000111000000000000011100000000
00000111000000000000001110000000
00000111000000000000001111000000
00001111000000000000000111000000
00001110000000000000000011100000
00001110000000000000000011100000
00001110000000000000000001100000
00001110000000000000000001110000
00001110000000000000000001110000
00001110000000000000000001110000
00001110000000000000000001110000
00001110000000000000000001110000
00001110000000000000000011000000
00001111000000000000000011100000
00000111000000000000000111100000
00000111000000000000001111000000
00000110100000000000001110000000
00000011100000000000111100000000
00000011110000000011111000000000
00000001110000001111110000000000
00000001111111111111100000000000
00000000111111101010000000000000
00000000001111100000000000000000
