00000000100000000000000000000000
00000001111100000000000000000000
00000011111110000000000000000000
00000011000111100000000000000000
00000011100111111000000000000000
00000011100000110100000000000000
00000011100000011010000000000000
00000011100000001110000000000000
00000011100000000111000000000000
00000011100000000111100000000000
00000011100000000011110000000000
00000011100000000001111000000000
00000011100000000000111000000000
00000011100000000000101000000000
00000001100000000000011110000000
00000011100000000000001100000000
00000011000000000000000111000000
00000001110000000000000111000000
00000001110000000000000111000000
00000001110000000000000011000000
00000000110000000000000011000000
00000000111000000000000111000000
00000000111000000000000111000000
00000000011000000000000110000000
00000000011100000000000111000000
00000000011100000000000111000000
00000000001100000000001110000000
00000000001110000000011110000000
00000000001110000001111100000000
00000000000111111101110000000000
00000000000111111111100000000000
00000000000000111111000000000000
