00000000011100000000000000000000
00000000001110000000000000000000
00000000110011100000000000000000
00000001010011110000000000000000
00000001110001110000000000000000
00000011100000111100000000000000
00000011100000011100000000000000
00000011100000001111000000000000
00000011000000000111100000000000
00000011000000000011110000000000
00000111000000000000110000000000
00000111000000000000111000000000
00000111000000000000111000000000
00000111000000000000011100000000
00000111000000000000011110000000
00000111000000000000001110000000
00000111000000000000001110000000
00000111000000000000000111000000
00000111000000000000000011100000
00000111000000000000000011000000
00000011000000000000000011100000
00000011100000000000000011100000
00000010100000000000000011100000
00000011100000000000000011100000
00000011010000000000000011100000
00000000110000000000000111000000
00000000111000000000001110000000
00000000111100000000011110000000
00000000011100000000111100000000
00000000000101111111111000000000
00000000000111111111000000000000
00000000000001111110000000000000
