00000000001000000000000000000000
00000000011000000000000000000000
00000000011100000000000000000000
00000000111000000000000000000000
00000000111111111100000000000000
00000000111111111101000000000000
00000001110011111111110000000000
00000001110000000011101000000000
00000001110000000000111000000000
00000001100000000000011100000000
00000011100000000000001110000000
00000011100000000000001110000000
00000011100000000000000101000000
00000011100000000000000110000000
00000011100000000000000111000000
00000011100000000000000111000000
00000011100000000000000111000000
00000011100000000000000111000000
00000011100000000000000111000000
00000011100000000000000111000000
00000011100000000000000111000000
00000011100000000000000111000000
00000011100000000000000110000000
00000011100000000000001110000000
00000001110000000000011100000000
00000001110000000000111100000000
00000001110000000001111000000000
00000000111000000111110000000000
00000000111000011111100000000000
00000000011111111110000000000000
00000000010111111000000000000000
00000000000110100000000000000000
