00000001111111111000000000000000
00000111111111111010000000000000
00000111111110011101000000000000
00000111000000000101100000000000
00000111000000000011110000000000
00000111000000000000111000000000
00000111000000000000011100000000
00000111000000000000011110000000
00000111000000000000001110000000
00000111000000000000000111000000
00000111000000000000000111000000
00000111000000000000000111000000
00000111000000000000000011100000
00000111000000000000000011100000
00000111000000000000000011000000
00000111000000000000000011100000
00000111000000000000000011100000
00000111000000000000000011100000
00000011000000000000000011100000
00000011100000000000000011100000
00000011100000000000000011100000
00000001110000000000000011100000
00000001110000000000000111000000
00000001110000000000001111000000
00000000110000000000011110000000
00000000111000000000111100000000
00000000011100000001111000000000
00000000011110000111110000000000
00000000001110001111100000000000
00000000000111111110000000000000
00000000000111111100000000000000
00000000000001110000000000000000
