00000000000111111111100000000000
00000000111111111111011000000000
00000010111111111111011100000000
00000111111000000000110111000000
00101111101000000000000111000000
00011101111000000000000111100000
01110001110000000000000011110000
00100001110000000000000001110000
00000001110000000000000001110000
00000001110000000000000000111000
00000001110000000000000000111000
00000001110000000000000000011000
00000001110000000000000000111100
00000001110000000000000000011100
00000001110000000000000000011100
00000001110000000000000000011100
00000001110000000000000000001110
00000001110000000000000000001110
00000001110000000000000000001110
00000001110000000000000000001110
00000001110000000000000000001110
00000000111000000000000000001110
00000000111000000000000000011100
00000000011000000000000000011100
00000000011100000000000000111100
00000000001110000000000001111000
00000000001111000000000011100000
00000000000111000000001111100000
00000000000111100000001111000000
00000000000011111111111100000000
00000000000000111111111000000000
00000000000000001111100000000000
