00000000000000000000000000000000
00000000110100000000000000000000
00000001011111110100000000000000
00000001111101111100000000000000
00000011100101110110100000000000
00000011100000001111110000000000
00000011100000000011100000000000
00000111100000000000111100000000
00000111000000000000001110000000
00000111000000000000001111000000
00001111000000000000001110000000
00001110000000000000000111100000
00001110000000000000000011100000
00001110000000000000000011110000
00001110000000000000000001100000
00001110000000000000000000110000
00001110000000000000000001110000
00001110000000000000000001110000
00001110000000000000000001110000
00001110000000000000000001110000
00000110000000000000000001110000
00001111000000000000000001100000
00000111000000000000000001110000
00000011100000000000000011010000
00000011100000000000000111100000
00000011110000000000001111000000
00000001001000000000011111000000
00000000111100000001111010000000
00000000011101000011111100000000
00000000011111111111100000000000
00000000000111111111000000000000
00000000000000111000000000000000
