00000000000000000000000000000000
00000000011111100000000000000000
00000000101101110000000000000000
00000000111001010100000000000000
00000000111000111100000000000000
00000000111000001110000000000000
00000001110000000111000000000000
00000001110000000111100000000000
00000001110000000011100000000000
00000001110000000011010000000000
00000001100000000001111000000000
00000011100000000000111000000000
00000011100000000000111000000000
00000011100000000000011100000000
00000011100000000000001110000000
00000011100000000000001110000000
00000011100000000000001110000000
00000011100000000000000111000000
00000001110000000000000111000000
00000001110000000000000111000000
00000000110000000000000111000000
00000000111000000000000111000000
00000000111000000000000111000000
00000000110000000000000110000000
00000000011100000000001110000000
00000000011100000000011110000000
00000000001110000000111100000000
00000000000111000001111000000000
00000000000111000111010000000000
00000000000111111111100000000000
00000000000001111110000000000000
00000000000000110100000000000000
