00000000000000010000000000000000
00000000000001110000000000000000
00000000000011111100000000000000
00000000000011101000000000000000
00000000000111111100000000000000
00000000000111001100000000000000
00000000000111001110000000000000
00000000000111000111000000000000
00000000001111000111000000000000
00000000001110000011100000000000
00000000001110000011100000000000
00000000011100000011100000000000
00000000011100000001110000000000
00000000011100000001101000000000
00000000011100000000011000000000
00000000011000000000110000000000
00000000111000000000001000000000
00000000011000000000011100000000
00000000111000000000011100000000
00000000111000000000011100000000
00000000111000000000011100000000
00000000111000000000011100000000
00000000111000000000011100000000
00000000001000000000111000000000
00000000011100000000111000000000
00000000001100000001111000000000
00000000011100000011100000000000
00000000001110000111000000000000
00000000001111011111000000000000
00000000000111111110000000000000
00000000000011111000000000000000
00000000000000100000000000000000
