00000000000001111000000000000000
00000000000011111110000000000000
00000000000110111010000000000000
00000000000111000010100000000000
00000000000111000001100000000000
00000000001111000001110000000000
00000000001110000000111000000000
00000000001110000000111000000000
00000000011100000000111000000000
00000000011100000000111000000000
00000000011100000000011100000000
00000000111000000000011100000000
00000000111000000000011100000000
00000000111000000000011100000000
00000000111000000000011100000000
00000000111000000000011100000000
00000000111000000000011100000000
00000000111000000000011100000000
00000000111000000000011100000000
00000000111000000000011100000000
00000000111000000000011100000000
00000000111000000000011100000000
00000000111000000000011100000000
00000000111000000000111100000000
00000000111000000000111000000000
00000000011000000001111000000000
00000000011100000011110000000000
00000000011100000111100000000000
00000000011110001111000000000000
00000000001111111110000000000000
00000000000111111100000000000000
00000000000001110000000000000000
