00000000000000000101000000000000
00000000000000011110000000000000
00000000000001111111100000000000
00000000000111111010000000000000
00000000000111110000110000000000
00000000001111000001110000000000
00000000000111000001110000000000
00000000000111000001110000000000
00000000000111000001110000000000
00000000001100000001110000000000
00000000001110000001110000000000
00000000001110000000110000000000
00000000001110000001100000000000
00000000001110000001110000000000
00000000001110000001110000000000
00000000001110000001110000000000
00000000001110000001110000000000
00000000001110000001110000000000
00000000001110000000110000000000
00000000001110000011100000000000
00000000001110000011100000000000
00000000001110000011100000000000
00000000001110000011100000000000
00000000001110000111100000000000
00000000001110000011000000000000
00000000001110001111000000000000
00000000001110001100000000000000
00000000000110011100000000000000
00000000000101011100000000000000
00000000000011110000000000000000
00000000000011111000000000000000
00000000000001100000000000000000
