00000000000000010000000000000000
00000000000001111000000000000000
00000000000011111100000000000000
00000000000011101100000000000000
00000000000111011100000000000000
00000000000111001100000000000000
00000000001111000100000000000000
00000000000110001010000000000000
00000000001110001110000000000000
00000000001110000111000000000000
00000000001110000111000000000000
00000000001110000111000000000000
00000000001100000011000000000000
00000000001100000011100000000000
00000000000100000011100000000000
00000000001100000001100000000000
00000000001100000001110000000000
00000000001100000001110000000000
00000000001100000000110000000000
00000000001100000000110000000000
00000000001100000000110000000000
00000000001100000000110000000000
00000000000100000000110000000000
00000000001110000000110000000000
00000000000110000000110000000000
00000000000111000000110000000000
00000000000111000000110000000000
00000000000011100001110000000000
00000000000001110001110000000000
00000000000001101111100000000000
00000000000000111111100000000000
00000000000000010111000000000000
