00000000000000001000000000000010
00000000000000011100000000000010
00000000000000011100000000000010
00000000000000011100000000000010
00000000000000011000000000000010
00000000000000011100000000000010
00000000000000011100000000000010
00000000000000011100000000000010
00000000000000011100000000000010
00000000000000011100000000000010
00000000000000011100000000000010
00000000000000011100000000000010
00000000000000011100000000000010
00000000000000011100000000000010
00000000000000011100000000000010
00000000000000011100000000000010
00000000000000011100000000000010
00000000000000011100000000000010
00000000000000011100000000000010
00000000000000011100000000000010
00000000000000011100000000000010
00000000000000011100000000000010
00000000000000011100000000000010
00000000000000011100000000000010
00000000000000011100000000000010
00000000000000011100000000000010
00000000000000011100000000000010
00000000000000011100000000000010
00000000000000011100000000000010
00000000000000011000000000000010
00000000000000111000000000000010
00000000000000001000000000000010
