00000000000000000010000000001000
00000000000000000111000000001000
00000000000000001110000000001000
00000000000000001110000000001000
00000000000000001110000000001000
00000000000000001110000000001000
00000000000000011100000000001000
00000000000000011100000000001000
00000000000000011100000000001000
00000000000000011100000000001000
00000000000000001100000000001000
00000000000000011100000000001000
00000000000000011000000000001000
00000000000000111000000000001000
00000000000000111000000000001000
00000000000000111000000000001000
00000000000000111000000000001000
00000000000000111000000000001000
00000000000000111000000000001000
00000000000000110000000000001000
00000000000000110000000000001000
00000000000001110000000000001000
00000000000001110000000000001000
00000000000001110000000000001000
00000000000001110000000000001000
00000000000001110000000000001000
00000000000001110000000000001000
00000000000001110000000000001000
00000000000001100000000000001000
00000000000011100000000000001000
00000000000011100000000000001000
00000000000011100000000000001000
