00000000000000001111100000000000
00000000000011111111100000000000
00000000011101111111110000000000
00000001111111111011111100000000
00000110111111100000011000000000
00001111111000000000011100000000
00111111100000000000011100000000
00111110000000000000011100000000
01111100000000000000011100000000
00010000000000000000111100000000
00000000000000000001111100000000
00000000000000000001111000000000
00000000000000000011110000000000
00000000000000000111010000000000
00000000000000001111100000000000
00000000000000001111000000000000
00000000000000010110000000000000
00000000000000111110000000000000
00000000000001111100000000000000
00000000000011111000000000000000
00000000000111100000000000000000
00000000000111100000000000000000
00000000001111100000000000000000
00000000011111000000000000000000
00000000110100000000000000000000
00000000011100000000000000000000
00000000111100000000000000000000
00000001110000000000000000000000
00000001111111111111111111111100
00000001111111111111111111111100
00000000111111111111111111111100
00000000111111111111111111111100
