00000000000101110000000000000000
00000000101111110000000000000000
00000011111111110100000000000000
00000011111111111100000000000000
00001011111000011100000000000000
00001010000000011100000000000000
00001100000000011100000000000000
00011100000000011100000000000000
00000000000000011100000000000000
00000000000000111100000000000000
00000000000000111100000000000000
00000000000000111000000000000000
00000000000001111000000000000000
00000000000001111000000000000000
00000000000011110000000000000000
00000000000011110000000000000000
00000000000111000000000000000000
00000000000111100000000000000000
00000000001111000000000000000000
00000000001111000000000000000000
00000000011110000000000000000000
00000000011110000000000000000000
00000000111100000000000000000000
00000000010100000000000000000000
00000001111000000000000000000000
00000000111000000000000000000000
00000001110000000000000000000000
00000001100000000000000000000000
00000001110000000000000000000000
00000001111111111111111111110000
00000001011111111111111111111000
00000000011111111111111111110000
