00000000000001111111100000000000
00000000001011111111111100000000
00000000011111111111111100000000
00000000111111110000011100000000
00000000111100000000001110000000
00000001111000000000001110000000
00000001110000000000001111000000
00000001110000000000001111000000
00000000000000000000001111000000
00000000000000000000001111000000
00000000000000000000001111000000
00000000000000000000001111000000
00000000000000000000001110000000
00000000000000000000001110000000
00000000000000000000011100000000
00000000000000000000111100000000
00000000000000000000111000000000
00000000000000000001111000000000
00000000000000000011110000000000
00000000000000000111110000000000
00000000000000011111100000000000
00000000000000001111000000000000
00000000000000111110000000000000
00000000000001111000000000000000
00000000000011110000000000000000
00000000000111110000000000000000
00000000000101000000000000000000
00000000000111000000000000000000
00000000001111100011010100000000
00000000001111111111111100000000
00000000000011111101111100000000
00000000000011111101000000000000
