00000000001111111110000000000000
00000000001111111111100000000000
00000000011111111111110000000000
00000000000000000011111000000000
00000000000000000000110100000000
00000000000000000000011100000000
00000000000000000000011100000000
00000000000000000000011110000000
00000000000000000000001110000000
00000000000000000000001110000000
00000000000000000000001110000000
00000000000000000000001110000000
00000000000000000000001110000000
00000000000000000000001110000000
00000000000000000000001110000000
00000000000000000000011100000000
00000000000000000000011100000000
00000000000000000000111100000000
00000000000000000001111000000000
00000000000000000011110000000000
00000000000000000111100000000000
00000000000000001111100000000000
00000000000000111011000000000000
00000000000001111100000000000000
00000000010111111000000000000000
00000000111111111111110000000000
00000011111111110111111000000000
00000011111000000001111100000000
00000000110000000000011110000000
00000000000000000000001111000000
00000000000000000000000001000000
00000000000000000000000011000000
