00000000000011111111111000000000
00000000001001111111111110000000
00000000010111111111111110000000
00000000000110000000011111100000
00000000000000000000000111100000
00000000000000000000000011100000
00000000000000000000000011110000
00000000000000000000000011110000
00000000000000000000000011110000
00000000000000000000000011110000
00000000000000000000000011110000
00000000000000000000000011110000
00000000000000000000000011110000
00000000000000000000000011110000
00000000000000000000000011110000
00000000000000000000000011100000
00000000000000000000000011100000
00000000000000000000000111100000
00000000000000000000000011100000
00000000000000000000001111000000
00000000000000000000001110000000
00000000000000000000011110000000
00000000000000000000111100000000
00000000011100000001111100000000
00000000011111010011111000000000
00000011111111111111110000000000
00000111111111111111110000000000
00001111000111111111110100000000
00001111111111111110111110100000
00001111111111100000011111100000
00000011110110000000000111100000
00000011100000000000000000100000
