00000000001111110100000000000000
00000000101111111011000000000000
00000001011111111111100000000000
00000000111000000011110000000000
00000011100000000001110000000000
00000011100000000000111000000000
00000000000000000000011000000000
00000000000000000000111000000000
00000000000000000000111000000000
00000000000000000000111000000000
00000000000000000000111000000000
00000000000000000000111000000000
00000000000000000000111000000000
00000000000000000000111000000000
00000000000000000000110000000000
00000000000000000001111000000000
00000000000000000001110000000000
00000000000000000001110000000000
00000000000000000011110000000000
00000000000000000111100000000000
00000000000000000111100000000000
00000000000000001111000000000000
00000000000101111110000000000000
00000000101111111111000000000000
00000011101101111111111000000000
00000011111001111111111010000000
00001111000111100001111111100000
00001110011111100000000010110000
00001110111111000000000010100000
00001111111100000000000000000000
00000011110000000000000000000000
00000000000000000000000000000000
