00000000001111111111000000000000
00000000111111111111011000000000
00000000111111111111111000000000
00000001111111111111111100000000
00000000010000000000111000000000
00000000000000000000111100000000
00000000000000000000111100000000
00000000000000000000111100000000
00000000000000000000111100000000
00000000000000000000111100000000
00000000000000000000111100000000
00000000000000000000111100000000
00000000000000000000111100000000
00000000000000000000111100000000
00000000000000000000111100000000
00000000000000000001111100000000
00000000000000000001111000000000
00000000000000000011111000000000
00000000000000000011110000000000
00000000000000000111110000000000
00000000000000000111100000000000
00000001011000001111000000000000
00000011011010011111000000000000
00000110011110111110000000000000
00001011111111111100000000000000
00001111000111111110000000000000
00001111000111111111111000000000
00001111011111111111111110000000
00001111011111000110111111100000
00001111011110000001111110100000
00000111010100000000001010100000
00000011010000000000000000100000
