00000011111111100000000000000000
00000111111110111100000000000000
00000011111111111111100000000000
00000000000000111111111000000000
00000000000000000111111010000000
00000000000000000000101110000000
00000000000000000000001101000000
00000000000000000000000100000000
00000000000000000000000011100000
00000000000000000000000011100000
00000000000000000000000011100000
00000000000000000000000111100000
00000000000000000000000111000000
00000000000000000000000101000000
00000000000000000000000110000000
00000000000000000000011110000000
00000000000000000000011100000000
00000000000000000000111100000000
00000000000000000001111000000000
00000000000000000001110000000000
00000000000000000011110000000000
00000000000000000111100000000000
00000001110110000111000000000000
00000011111111101111000000000000
00000111111111111110000000000000
00000011000011111111000000000000
00000111000001111111010000000000
00000111000101111111111110100000
00000111111111000001111111000000
00000011111101000000001111000000
00000001101100000000000000000000
00000000100000000000000000000000
