00000000000011111100000000000000
00000000011111111101000000000000
00000001111111111110100000000000
00000000111100000111100000000000
00000011110000000011100000000000
00000000000000000011100000000000
00000000000000000011100000000000
00000000000000000011100000000000
00000000000000000011100000000000
00000000000000000011100000000000
00000000000000000011100000000000
00000000000000000011100000000000
00000000000000000111100000000000
00000000000000000111000000000000
00000000000000001110000000000000
00000000000000001110000000000000
00000000000000011110000000000000
00000000000000111100000000000000
00000000000001110000000000000000
00000000000001111000000000000000
00000000000011110000000000000000
00000011100111100000000000000000
00001111111111000000000000000000
00011111111111000000000000000000
00011100111111110000000000000000
00011101111111111110000000000000
00011111111001101111100000000000
00011111110000011111111100000000
00001111000000000011111101000000
00011000000000000000111111110000
00000000000000000000000111110000
00000000000000000000000000111000
