00000000000001111110000000000000
00000000011111111111100000000000
00000001111111111111000000000000
00000111111111111111100000000000
00001011111000000011110000000000
00011111100000000011100000000000
00111110000000000001110000000000
00111000000000000001110000000000
01111000000000000001110000000000
11110000000000000001110000000000
00000000000000000001110000000000
00000000000000000001110000000000
00000000000000000011110000000000
00000000000000000011110000000000
00000000000000000011100000000000
00000000000000000111100000000000
00000000000000000111100000000000
00000000000000001111000000000000
00000000000000011110000000000000
00000000000000011110000000000000
00000000000000111100000000000000
00000000000001110100000000000000
00000000000001111000000000000000
00000000000011010000000000000000
00000000000111000000000000000000
00000000000111100000000000000000
00000000001111000000000000000000
00000000001110000000000000000010
00000000001110000010111111111110
00000000001111111110111111111111
00000000000111111111111111111110
00000000000111111111111000000000
