00000000001111111110000000000000
00000000111111111111000000000000
00000001111111111111100000000000
00000011111100000110110000000000
00001111100000000001111000000000
00011110000000000000111100000000
00011100000000000000111000000000
00110000000000000000011100000000
00001000000000000000011100000000
00000000000000000000011100000000
00000000000000000000011100000000
00000000000000000000011100000000
00000000000000000000011100000000
00000000000000000000011100000000
00000000000000000000011100000000
00000000000000000000011000000000
00000000000000000000011100000000
00000000000000000000111100000000
00000000000000000000111100000000
00000000000000000000111000000000
00000000000000000001111000000000
00000000000000000011110000000000
00000000000011100011110000000000
00000000001111101111100000000000
00000000010111111111000000000000
00000000111111111111111100000000
00000000111000111111111001000000
00000001111001111101111111010000
00000001111011110000001100111000
00000001111111100000000001111000
00000000011111000000000000111110
00000000011000000000000000001000
