00000000000001111110000000000000
00000000001111111111100000000000
00000000011111111111000000000000
00000000111111101011110000000000
00000001111100000001110000000000
00000001110000000001110000000000
00000011110000000001110000000000
00000011110000000001110000000000
00000000000000000001110000000000
00000000000000000001110000000000
00000000000000000001100000000000
00000000000000000001110000000000
00000000000000000011110000000000
00000000000000000011110000000000
00000000000000000011100000000000
00000000000000000111100000000000
00000000000000000111000000000000
00000000000000001111000000000000
00000000000000011110000000000000
00000000000000111100000000000000
00000000000000111100000000000000
00000000000001111000000000000000
00000000000011110000000000000000
00000000000111110000000000000000
00000000011111100000000000000000
00000000111111000000000000000000
00000101111111111111111111111000
00011111111111111111111111111000
00011111111111111111111111111110
00111111111111111111111111111000
00001110000000000000000000000000
00001000000000000000000000000000
