00011011111111111111111100000000
00001111111111111111111110000000
00001111111111111111111110000000
00001010000000000000000111000000
00000000000000000000000111000000
00000000000000000000000111000000
00000000000000000000000111000000
00000000000000000000000111000000
00000000000000000000000110000000
00000000000000000000000111000000
00000000000000000000001101000000
00000000000000000000001111000000
00000000000000000000011110000000
00000000000000000000011110000000
00000000000000000000111100000000
00000000000000000000111100000000
00000000000000000001111000000000
00000000000000000011111000000000
00000000000000000111110000000000
00000000000000000111100000000000
00000000000000001111000000000000
00000000000000011111000000000000
00000000000000011010000000000000
00000000000000111100000000000000
00000000000001111000000000000000
00000000000010101000000000000000
00000000000111100000000000000000
00000000001011100000000000000000
00000000000011111111111111100000
00000000001111111111111111111000
00000000000011111111111111110000
00000000000011111111111111100000
