00000000000000000000000000000000
00000000000000000000000000000000
00011111111111011000000000000000
01111111111111111100000000000000
00111111111111111110000000000000
00111111111111111111000000000000
00010000000000001111000000000000
00000000000000001111000000000000
00000000000000001111000000000000
00000000000000001111000000000000
00000000000000001111000000000000
00000000000000001111000000000000
00000000000000001111000000000000
00000000000000001111000000000000
00000000000000011111000000000000
00000000000000011110000000000000
00000000000000111110000000000000
00000000000000101100000000000000
00000000000000111100000000000000
00000000000001111000000000000000
00000000000001110000000000000000
00000000000011110000000000000000
00000000000111110000000000000000
00000000000011100000000000000000
00000000000111100000000000000000
00000000001111100000000000000000
00000000001111000000000000000110
00000000001111111111111111111110
00000000000011111111111111111111
00000000000011111111111111111110
00000000000011111111111111111110
00000000000000000000000000000000
