00000000000001111011100000000000
00000111111111111111100000000000
00011111111111111111111000000000
00111111111111111111111000000000
00011111111111111001111000000000
00001110000000000001111000000000
00000000000000000001111000000000
00000000000000000011111000000000
00000000000000000011111000000000
00000000000000000111110000000000
00000000000000000111110000000000
00000000000000000111100000000000
00000000000000001111000000000000
00000000000000001111000000000000
00000000000000011111000000000000
00000000000000011111000000000000
00000000000000111110000000000000
00000000000000111100000000000000
00000000000001111100000000000000
00000000000000111100000000000000
00000000000001111000000000000000
00000000000001111000000000000000
00000000000011110000000000000000
00000000000010110000000000000000
00000000000111110000000000000000
00000000000111000000000000000000
00000000001111100000000000000000
00000000000011111111111011010000
00000000001111111111111111110100
00000000000011111111111111111010
00000000000011111111111101111110
00000000000000000000000000110000
