00000000000000000111110000000000
00000000000000101111111100000000
00000000000011111111111100000000
00000000000111111000001110000000
00000000001111100000001100000000
00000000011110000000000111000000
00000000111100000000000111000000
00000000111000000000000111000000
00000001111000000000000111000000
00000001110000000000000111000000
00000001110000000000000111000000
00000001110000000000000111000000
00000001100000000000001110000000
00000001100000000000001110000000
00000001100000000000001110000000
00000001100000000000001110000000
00000001100000000000011100000000
00000001110000000000011100000000
00000000000000000000110100000000
00000000000000000000111000000000
00000000000000000001110000000000
00000000000000000011110000000000
00000000000000000011100000000000
00000000000000000111100000000000
00000000000000001111000000000000
00000000000000011110000000000000
00000000000000111100000000000000
00000000000001111000000000000000
00000000000001110001111110000000
00000000000001111111111110000000
00000000000111111111111110000000
00000000000001011111000000000000
