00000001111111111111000000000000
00000010111111111111000000000000
00000011111111111111100000000000
00000111000000000011110000000000
00000111000000000001111000000000
00000111000000000000111000000000
00000111000000000000111000000000
00000111000000000000111000000000
00000111100000000000111000000000
00000011110000000000111000000000
00000001101000000000111000000000
00000001111000000000111000000000
00000000111100000000111000000000
00000000001110000000111000000000
00000000001111000000111000000000
00000000001110000001110000000000
00000000000100000001110000000000
00000000000000000011110000000000
00000000000000000111000000000000
00000000000000000111100000000000
00000000000000001111000000000000
00000000000000011110000000000000
00000000000000111110000000000000
00000000000001111100000000000000
00000000000011101000000000000000
00000000000111110000000000000000
00000000011111100000000000000000
00000000101110000000000000000000
00000000111111111111011100000000
00000001111111111111111110100000
00000000011111111111111111100000
00000000000000000000000000000000
