00000000000011110000000000000000
00000000111111111100000000000000
00000001010111111110000000000000
00000000010000001110000000000000
00000001110000000111000000000000
00000001100000000111000000000000
00000001110000000111000000000000
00000001110000000111000000000000
00000000110000000111000000000000
00000000111000000111000000000000
00000000111000000111000000000000
00000000001000000111000000000000
00000000010100000111000000000000
00000000000101000111000000000000
00000000000110000111000000000000
00000000000000000111000000000000
00000000000000000111000000000000
00000000000000001110000000000000
00000000000000001110000000000000
00000000000000001110000000000000
00000000000000001000000000000000
00000000000000011100000000000000
00000000000000110000000000000000
00000000000001110000000000000000
00000011111111110000000000000000
00000001111111100000000000000000
00000111001111110100000000000000
00000111111101111111100000000000
00000011111100000111111000000000
00000001010000000001111111000000
00000000000000000000001001100000
00000000000000000000000001000000
