00000000000001011111110000000000
00000000001111111111111100000000
00000000011111111111111000000000
00000000011110000000011100000000
00000000011000000000011100000000
00000001110000000000011100000000
00000001110000000000011100000000
00000001110000000000011100000000
00000000110000000000011100000000
00000000110000000000011100000000
00000000111000000000011100000000
00000000111000000000011100000000
00000000011000000000111000000000
00000000111100000000101000000000
00000000001000000001111000000000
00000000010000000001110000000000
00000000000000000011100000000000
00000000000000000111100000000000
00000000000000000111000000000000
00000000000000001111000000000000
00000000000000001110000000000000
00000000000000011010000000000000
00000000000000111100000000000000
00000000000001111000000000000000
00000000000001110000000000000000
00000000000010110000000000000000
00000000000011100000000000000000
00000000000111000000000000000000
00000000001111000011111000000000
00000000001111111111111000000000
00000000001111111111111000000000
00000000000111111100000000000000
