00000001011100000000000000000000
00000010111101000000000000000000
00001111111111000000000000000000
00001110111110000000000000000000
00111110000111100000000000000000
00111000000111100000000000000000
00111100000111000000000000000000
00111000000111100000000000000000
00111000000111100000000000000000
00111000000111100000000000000000
00111000000111100000000000000000
00111000000111100000000000000000
00111000000111100000000000000000
00111000000111100000000000000000
00111000000111100000000000000000
00011000000110000000000000000000
00100000000111100000000000000000
00000000001111000000000000000000
00000000001111000000000000000000
00000000011111000000000000000000
00000000011110000000000000000000
00000000111110000000000000000000
00000001111100000000000000000000
00000000111000000000000000000000
00000010111000000000000000000000
00000001110000000000000000000000
00000001100000000000000000000000
00000011111100000000000000000000
00000001111111111111111111111100
00000001111111111111111111111100
00000000011111111111111111111100
00000000000000111111111111111100
