00000000000000011000000000000000
00000000001111111010000000000000
00000000111111111100000000000000
00000001111111111111000000000000
00000111111110000111100000000000
00001111111000000111100000000000
00001110100000000111100000000000
00011111000000000111100000000000
00011100000000000111100000000000
00111100000000000111100000000000
00111100000000000011100000000000
00111100000000000011100000000000
00111100000000000011100000000000
00111100000000000011100000000000
00000000000000000011100000000000
00000000000000000011100000000000
00000000000000000011100000000000
00000000000000000011100000000000
00000000000000000011100000000000
00000000000000000011100000000000
00000000000000000111100000000000
00000000000000000011100000000000
00000000000000000111100000000000
00000000000000000111100000000000
00000000000000001111000000000000
00000000000000001011000000000000
00000000000000001111000000000000
00000000000000011111111100000000
00000000000000000111111111111100
00000000000000000111111111111100
00000000000000001111111111111100
00000000000000000000000111111100
