00000111111111100000000000000000
01111111111111101000000000000000
10111111111111101000000000000000
11111000000000011100000000000000
00000000000000011000000000000000
00000000000000001100000000000000
00000000000000001100000000000000
00000000000000001100000000000000
00000000000000001100000000000000
00000000000000001100000000000000
00000000000000011100000000000000
00000000000000011100000000000000
00000000000000111000000000000000
00000000000001111000000000000000
00000000000011110000000000000000
00000000000111100000000000000000
00000000000111000000000000000000
00000000110110000000000000000000
00000000011100000000000000000000
00000000010000000000000000000000
00000001111000000000000000000000
00000000011110000000000000000000
00000000011111100000000000000000
00000000000111111100000000000000
00000000000001111111000000000000
00000000000000011111111000000000
00000000000000000011111110000000
00000000000000000000011111100000
00000000000000000000000111111100
00000000000000000000000001111111
00000000000000000000000000011111
00000000000000000000000000000010
