00001111111110100000000000000000
00011111111111110000000000000000
00111111111111101000000000000000
00001110000001110100000000000000
00000000000000011000000000000000
00000000000000011100000000000000
00000000000000011100000000000000
00000000000000011100000000000000
00000000000000011100000000000000
00000000000000011100000000000000
00000000000000011000000000000000
00000000000000011100000000000000
00000000000000111000000000000000
00000000000000111100000000000000
00000000000000111000000000000000
00000000000001111000000000000000
00000000000011110000000000000000
00000000000111110000000000000000
00000000001111100000000000000000
00000000011111000000000000000000
00000000111110000000000000000000
00000001111100000000000000000000
00000011111000000000000000000000
00000111110000000000000000000000
00001111100000000000000000000000
00011111000000000000000000000000
00001110000000000000000000000000
00111111111111111111110000000000
00111111111111111111111111110000
00001101111111111111111111111100
00001101111111111111111111111100
00000000000000000000000001101100
