00000011000000000000000000000000
00000011000000000000000000000000
00011111110000000000000000000000
00111111110000000000000000000000
01111101111000000000000000000000
01111000111100000000000000000000
01111000111000000000000000000000
11110000111100000000000000000000
11110000111100000000000000000000
11110000011100000000000000000000
11110000011100000000000000000000
11110000011100000000000000000000
11110000011100000000000000000000
11110000011100000000000000000000
00000000011100000000000000000000
00000000011100000000000000000000
00000000011100000000000000000000
00000000011100000000000000000000
00000000011100000000000000000000
00000000011100000000000000000000
00000000011100000000000000000000
00000000011100000000000000000000
00000000011100000000000000000000
00000000111100000000000000000000
00000001111000000000000000000000
00000001110000000000000000000000
00000000110000000000000000000000
00000001111111111111111000000000
00000000111111111110111111111111
00000000111111111111111111111111
00000000000000000011111111111111
00000000000000000000000000001111
