00000001111111010000000000000000
00001111111111111000000000000000
00011111111111111000000000000000
00001111111111111110000000000000
00111100000000011110000000000000
00000000000000001111000000000000
00000000000000001111000000000000
00000000000000000111000000000000
00000000000000000111100000000000
00000000000000000111100000000000
00000000000000000111100000000000
00000000000000000111100000000000
00000000000000000111100000000000
00000000000000000111100000000000
00000000000000000111100000000000
00000000000000001111100000000000
00000000000000001111000000000000
00000000000000011111000000000000
00000000000000101110000000000000
00000000000001111100000000000000
00000000000011111000000000000000
00000000000010110000000000000000
00000000000111110000000000000000
00000000001010100000000000000000
00000000000111000000000000000000
00000000011111000000000000000000
00000000000100000000000000000000
00000000011110000000000000000000
00000000001111111111111110111100
00000000000111111111111110111100
00000000000111111111111111101100
00000000000000011111111111101100
