00000000000000000000000000000000
00000000000000000000000000000000
00000000000000000000000000000000
00011111111100000000000000000000
00111111111111110000000000000000
01111111111111111100000000000000
11000000000001111100000000000000
11000000000000001111000000000000
00000000000000000101000000000000
00000000000000000011000000000000
00000000000000000011100000000000
00000000000000000011100000000000
00000000000000000011100000000000
00000000000000000011100000000000
00000000000000000011100000000000
00000000000000000001000000000000
00000000000000000111000000000000
00000000000000001110000000000000
00000000000000011110000000000000
00000000000000111100000000000000
00000000000011111000000000000000
00000000000101110000000000000000
00000000001111100000000000000000
00000000011100000000000000000000
00000000011100000000000000000000
00000000111111111111111111000000
00000000001111111111111111111101
00000000000111111111111111111111
00000000000000000000000000001111
00000000000000000000000000000000
00000000000000000000000000000000
00000000000000000000000000000000
