00000001011101000000000000000000
00000000011101100000000000000000
00000000111111100000000000000000
00000011111111110000000000000000
00000001000001110000000000000000
00000011110001111000000000000000
00000011100001111000000000000000
00000001100000111100000000000000
00000001000000111100000000000000
00000000000000111100000000000000
00000000000000111100000000000000
00000000000000111100000000000000
00000000000000111100000000000000
00000000000000111100000000000000
00000000000000111000000000000000
00000000000001111000000000000000
00000000000001111000000000000000
00000000000011111000000000000000
00000000000011110000000000000000
00000000000111110000000000000000
00000000000111100000000000000000
00000000001111100000000000000000
00000000001111000000000000000000
00000000011111000000000000000000
00000000111110000000000000000000
00000000111100000000000000000000
00000001011110000000000000000000
00000000001111111111110000000000
00000000011111111111111111000000
00000000011111111111111111000000
00000000000000000111111111000000
00000000000000000000001011000000
