00000000000001111111000000000000
00000000001011111111010000000000
00000000011111111111110000000000
00000001111110111111110000000000
00000001111110000011110000000000
00000111110000000011110000000000
00000111100000000011110000000000
00000111100000000011110000000000
00000001000000000011110000000000
00000001000000000011110000000000
00000000000000000011110000000000
00000000000000000011110000000000
00000000000000000011110000000000
00000000000000000011100000000000
00000000000000000111100000000000
00000000000000001111100000000000
00000000000000001111000000000000
00000000000000011111000000000000
00000000000000111110000000000000
00000000000001111100000000000000
00000000000001011000000000000000
00000000000011110000000000000000
00000000000111010000000000000000
00000000000111100000000000000000
00000000000111100000000000000000
00000000001111000000000000000000
00000000001111000000000000000000
00000000001111111101000000000000
00000000000011111111111111000000
00000000000001110111111111000000
00000000000000111111011111000000
00000000000000000000111111000000
