00000000110110100000000000000000
00000000111110100000000000000000
00000011111111110000000000000000
00000101111111111000000000000000
00000111100001111000000000000000
00000111000001111000000000000000
00000111000001111000000000000000
00000111000001111000000000000000
00000111000000111000000000000000
00000111000000111000000000000000
00000111000000111000000000000000
00000111000000111000000000000000
00000011000000111000000000000000
00000111100000111000000000000000
00000011100000111000000000000000
00000111100000111000000000000000
00000011100000111000000000000000
00000000000000111000000000000000
00000000000000111000000000000000
00000000000000111000000000000000
00000000000001111000000000000000
00000000000001111000000000000000
00000000000001111000000000000000
00000000000001110000000000000000
00000000000011100000000000000000
00000000000001110000000000000000
00000000000011000000000000000000
00000000000011100000000000000000
00000000000011111111111111110000
00000000000000111111111111110000
00000000000000101111111111110000
00000000000000001111111111110000
