00000000000000101100000000000000
00000000000101111101000000000000
00000000011111111111100000000000
00000001011111110111100000000000
00000001111110000111100000000000
00000011110000000011100000000000
00000000000000000011100000000000
00000000000000000011100000000000
00000000000000000011100000000000
00000000000000000011100000000000
00000000000000000011100000000000
00000000000000000011100000000000
00000000000000000110000000000000
00000000000000000111100000000000
00000000000000001111000000000000
00000000000000001111000000000000
00000000000000001110000000000000
00000000000000011110000000000000
00000000000000011100000000000000
00000000000000111100000000000000
00000000000000111100000000000000
00000000000000111000000000000000
00000000000001111000000000000000
00000000000001110000000000000000
00000000000001110000000000000000
00000000000001110000000000000000
00000000000011110000000000000000
00000000000011100000000000000000
00000000000111100000000000000000
00000000000001111111111111000000
00000000000001111111111111000000
00000000000001111111111111000000
