00000000001111000000000000000000
00000000111111110000000000000000
00000000111011111000000000000000
00000001111000110000000000000000
00000111100000111000000000000000
00000010000000111100000000000000
00000111000000010000000000000000
00000111000000011100000000000000
00000111000000011100000000000000
00000111000000011100000000000000
00000111100000011100000000000000
00000011100000011100000000000000
00000011110000011100000000000000
00000001110000011100000000000000
00000000100000011100000000000000
00000000000000011100000000000000
00000000000000011100000000000000
00000000000000011100000000000000
00000000000000011100000000000000
00000000000000111000000000000000
00000000000001111000000000000000
00000000000011110000000000000000
00000000000011100000000000000000
00000000000011100000000000000000
00000000000111000000000000000000
00000000000110000000000000000000
00000000001111111100000000000000
00000000000011111111100000000000
00000000000111111011101110000000
00000000000000000011101111100000
00000000000000000000000111100000
00000000000000000000000001000000
