00011111111111111110000000000000
01011111111111111110000000000000
10110111111111111111000000000000
01110100000000000111000000000000
00100000000000000111000000000000
00000000000000000111000000000000
00000000000000000111000000000000
00000000000000000110000000000000
00000000000000000111000000000000
00000000000000000111000000000000
00000000000000001110000000000000
00000000000000011110000000000000
00000000000000011110000000000000
00000000000000111100000000000000
00000000000001111000000000000000
00000000000011110000000000000000
00000000000111110000000000000000
00000000001111100000000000000000
00000000011111000000000000000000
00000000111110000000000000000000
00000001111100000000000000000000
00000011111000000000000000000000
00000111110000000000000000000000
00001011100000000000000000000000
00001111000000000000000000000000
00011110000000000000000000000000
00011100000000000000000000000000
00001111111111111111111000000000
00111111111111111111111111111100
00001011111111111111111111111101
00001011111111111111111111101110
00000000000000000000000000000100
