00000000000011110000000000000000
00000000001011101000000000000000
00000000111011101010000000000000
00000001011100011110000000000000
00000001110000001111000000000000
00000001110000001111000000000000
00000001110000000011000000000000
00000001110000000111000000000000
00000001110000000111000000000000
00000001110000000111000000000000
00000000000000000111000000000000
00000000000000000111000000000000
00000000000000000111000000000000
00000000000000000111000000000000
00000000000000000111000000000000
00000000000000001110000000000000
00000000000000001111000000000000
00000000000000001110000000000000
00000000000000011110000000000000
00000000000000011100000000000000
00000000000000111100000000000000
00000000000000111000000000000000
00000000000001111000000000000000
00000000000001101000000000000000
00000000000011110000000000000000
00000000000111100000000000000000
00000000000111100000000000000000
00000000000111000000000000000000
00000000001110000000000000000000
00000000101111111111111110000000
00000000001111111111111110000000
00000000001111111111111110000000
