00000000000111100000000000000000
00000000010111100000000000000000
00000001111111111000000000000000
00000010111101111100000000000000
00000011110000111100000000000000
00000111000000111100000000000000
00001011000000111100000000000000
00000101000000011100000000000000
00001110000000011100000000000000
00001110000000011100000000000000
00000000000000011100000000000000
00000000000000011100000000000000
00000000000000011100000000000000
00000000000000011100000000000000
00000000000000011100000000000000
00000000000000111100000000000000
00000000000000111100000000000000
00000000000000111100000000000000
00000000000000111000000000000000
00000000000001111000000000000000
00000000000001111000000000000000
00000000000001100000000000000000
00000000000011110000000000000000
00000000000011110000000000000000
00000000000111100000000000000000
00000000000111100000000000000000
00000000001111000000000000000000
00000000001111000000000000000000
00000000010111111111111111110000
00000000011111111111111111110000
00000000000111111111111111110000
00000000000111111111111111110000
