00000000000000011111100000000000
00000000000001111111110000000000
00000000000011111111110000000000
00000000001111110000100000000000
00000000010111000001110000000000
00000000011110000000111000000000
00000000011100000000111000000000
00000000111100000000111000000000
00000000000000000000111000000000
00000000000000000000111000000000
00000000000000000000111000000000
00000000000000000000111000000000
00000000000000000000111000000000
00000000000000000000111000000000
00000000000000000001111000000000
00000000000000000001110000000000
00000000000000000001110000000000
00000000000000000001110000000000
00000000000000000111000000000000
00000000000000000111000000000000
00000000000000001110000000000000
00000000000000011110000000000000
00000000000000111100000000000000
00000000000000111000000000000000
00000000000000011000000000000000
00000000000000100000000000000000
00000000000001110000000000000000
00000000000001110000000000000000
00000000000001111111110000000000
00000000000000111111111100000000
00000000000000010111111100000000
00000000000000000001110100000000
