00000000000001111000000000000000
00000000000111111000000000000000
00000000001111101110000000000000
00000000001111001110000000000000
00000000111100001110000000000000
00000000111000001110000000000000
00000001110000001110000000000000
00000001110000001110000000000000
00000000000000001110000000000000
00000000000000001110000000000000
00000000000000001110000000000000
00000000000000001110000000000000
00000000000000011110000000000000
00000000000000011110000000000000
00000000000000011100000000000000
00000000000000111100000000000000
00000000000000111000000000000000
00000000000001110000000000000000
00000000000001110000000000000000
00000000000011110000000000000000
00000000000011100000000000000000
00000000000111100000000000000000
00000000000111000000000000000000
00000000001111000000000000000000
00000000001110000000000000000000
00000000001110000000000000000000
00000000011010000000000000000000
00000000011100000000000000000000
00000000011100000000000000000000
00000000111111111111111110000000
00000000011111111111111110000000
00000000001111111111111110000000
