00000000000000101010000000000000
00000000000011111110000000000000
00000000001110101110000000000000
00000000011111000111000000000000
00000000111000000111000000000000
00000000110000000111000000000000
00000000110000000111000000000000
00000000011000000111000000000000
00000000111000000111000000000000
00000000111000000111000000000000
00000000110000000111000000000000
00000000000000000111000000000000
00000000000000000111000000000000
00000000000000000111000000000000
00000000000000000111000000000000
00000000000000000111000000000000
00000000000000001110000000000000
00000000000000001110000000000000
00000000000000001110000000000000
00000000000000011100000000000000
00000000000000011100000000000000
00000000000000010100000000000000
00000000000000111000000000000000
00000000000000011000000000000000
00000000000000010000000000000000
00000000000001110000000000000000
00000000000001110000000000000000
00000000000001110000000000000000
00000000000001110000000000000000
00000000000000111111111110000000
00000000000000111111111110000000
00000000000000011111111110000000
