00000000000000111100000000000000
00000000011111111100000000000000
00000000101111111111000000000000
00000010111101110111000000000000
00000111111100000111000000000000
00000100100000000111000000000000
00001111000000000111000000000000
00001100000000000111000000000000
00011110000000000111000000000000
00000000000000000111000000000000
00000000000000000111000000000000
00000000000000000111000000000000
00000000000000000111000000000000
00000000000000000111000000000000
00000000000000001101000000000000
00000000000000011110000000000000
00000000000000011110000000000000
00000000000000110100000000000000
00000000000000111100000000000000
00000000000001101000000000000000
00000000000000111000000000000000
00000000000011110000000000000000
00000000000011110000000000000000
00000000000111000000000000000000
00000000000111000000000000000000
00000000000111000000000000000000
00000000000111111000000000000000
00000000000001111110111000000000
00000000000010111111111111111000
00000000000000011011111111011000
00000000000000000000111111111000
00000000000000000000000000111000
