00000000000000101111100000000000
00000000000011111111010000000000
00000000000111111111110000000000
00000000001111000000110100000000
00000000111100000000011100000000
00000000110000000000011100000000
00000000110000000000011100000000
00000000110000000000011100000000
00000000110000000000011100000000
00000000110000000000011100000000
00000000110000000000011100000000
00000000111000000000011100000000
00000000111000000000011100000000
00000000111000000000011100000000
00000000110000000000011100000000
00000000111000000000111000000000
00000000111000000000111000000000
00000000110000000001110000000000
00000000010000000001110000000000
00000000000000000011110000000000
00000000000000000011100000000000
00000000000000000111000000000000
00000000000000001111000000000000
00000000000000011110000000000000
00000000000000011100000000000000
00000000000000111100000000000000
00000000000001111000000000000000
00000000000011100000000000000000
00000000000111100000000000000000
00000000000111111111111100000000
00000000000011111111111100000000
00000000000011111111111100000000
