00000000010100000000000000000000
00000000111110000000000000000000
00000011111111000000000000000000
00000111111111000000000000000000
00001111100111100000000000000000
00011110000111100000000000000000
00111110000111100000000000000000
00111100000111000000000000000000
00111000000111100000000000000000
00111000000111100000000000000000
00111000000111100000000000000000
00111000000111100000000000000000
00111100000111100000000000000000
00100000000111100000000000000000
00000000000111100000000000000000
00000000000111100000000000000000
00000000000111100000000000000000
00000000000111100000000000000000
00000000000111100000000000000000
00000000000111100000000000000000
00000000000111100000000000000000
00000000000111000000000000000000
00000000001111000000000000000000
00000000001111000000000000000000
00000000011110000000000000000000
00000000001110000000000000000000
00000000111111111100000000000000
00000000001111111111111110000000
00000000001101011111111111111100
00000000000001011110111111111100
00000000000000000000111111111100
00000000000000000000000000011100
