00000000001010000000000000000000
00000000011110100000000000000000
00000011110111110000000000000000
00000111111001110000000000000000
00000111100001110000000000000000
00001111000001110000000000000000
00000100000001110000000000000000
00001110000001110000000000000000
00001110000001110000000000000000
00001110000001110000000000000000
00000100000001110000000000000000
00000010000001110000000000000000
00000011110001110000000000000000
00000010110001110000000000000000
00000001100001110000000000000000
00000000000001110000000000000000
00000000000001110000000000000000
00000000000001110000000000000000
00000000000001110000000000000000
00000000000001110000000000000000
00000000000001110000000000000000
00000000000010100000000000000000
00000000000001000000000000000000
00000000000001000000000000000000
00000000000011100000000000000000
00000000000111110000000000000000
00000000000001011100000000000000
00000000000000111111100000000000
00000000000000011111111111000000
00000000000000000010111111100000
00000000000000000000010110100000
00000000000000000000000000100000
