00000000000000000111100000000100
00000000000000111111110000000100
00000000000011111101110000000100
00000000001011110000110000000100
00000000011111000000110000000100
00000000011100000000110000000100
00000000111000000000110000000100
00000000111000000000110000000100
00000000111000000000110000000100
00000000111000000000110000000100
00000000111000000001110000000100
00000000000000000001110000000100
00000000000000000001110000000100
00000000000000000011100000000100
00000000000000000011100000000100
00000000000000000111000000000100
00000000000000000111000000000100
00000000000000001110000000000100
00000000000000001100000000000100
00000000000000011100000000000100
00000000000000111100000000000100
00000000000000111000000000000100
00000000000001111000000000000100
00000000000001110000000000000100
00000000000011000000000000000100
00000000000011100000000000000100
00000000000011000000000000000100
00000000000111000000000000000100
00000000000111000000000000000100
00000000000011111101110000000100
00000000000001111111110000000100
00000000000000000001111000000100
