00000000000000111111100000000000
00000000000111111111110000000000
00000000010111111111111100000000
00000000101111110000111000000000
00000001111100000000011100000000
00000001111000000000011100000000
00000001110000000000011100000000
00000011100000000000011100000000
00000000000000000000011100000000
00000000000000000000011100000000
00000000000000000000011100000000
00000000000000000000011000000000
00000000000000000000111100000000
00000000000000000000111100000000
00000000000000000000111000000000
00000000000000000001101000000000
00000000000000000011110000000000
00000000000000000111100000000000
00000000000000001111000000000000
00000000000000011111000000000000
00000000000000011110000000000000
00000000000000111100000000000000
00000000000001111000000000000000
00000000000011110000000000000000
00000000000011100000000000000000
00000000000001100000000000000000
00000000000111000000000000000000
00000000000111000000000000000000
00000000000111111111111100000000
00000000000011111111111110000000
00000000000001011111101111000000
00000000000000000000000010000000
