00000000000001001010000000000000
00000000000111111100000000000000
00000000111111111110000000000000
00000011111110001110000000000000
00001101111000000110000000000000
00011011100000000110000000000000
00111110000000000110000000000000
00111000000000000110000000000000
00010000000000000110000000000000
00000000000000001110000000000000
00000000000000001100000000000000
00000000000000001110000000000000
00000000000000011110000000000000
00000000000000011100000000000000
00000000000000011100000000000000
00000000000000111000000000000000
00000000000000111000000000000000
00000000000001110000000000000000
00000000000000110000000000000000
00000000000001110000000000000000
00000000000001110000000000000000
00000000000001100000000000000000
00000000000000100000000000000000
00000000000011100000000000000000
00000000000011100000000000000000
00000000000011100000000000000000
00000000000001100000000000000000
00000000000001110000000000000000
00000000000001111100000000000000
00000000000000011111111111110010
00000000000000001011111111111100
00000000000000000001111111110000
