00000000000110111000000000000000
00000000011111111110000000000000
00000000101111111100000000000000
00000001111000001100000000000000
00000011100000000111000000000000
00000101100000000111000000000000
00000111000000000111000000000000
00000111000000000110000000000000
00000111000000000111000000000000
00000111000000000111000000000000
00000100000000000111000000000000
00000000000000000111000000000000
00000000000000000111000000000000
00000000000000000110000000000000
00000000000000000111000000000000
00000000000000000111000000000000
00000000000000001110000000000000
00000000000000001110000000000000
00000000000000011110000000000000
00000000000000011100000000000000
00000000000000111000000000000000
00000000000000111000000000000000
00000000000001010000000000000000
00000000000001110000000000000000
00000000000001100000000000000000
00000000000011100000000000000000
00000000000011100000000000000000
00000000000011100000000000000000
00000000000011111000000000000000
00000000000000111111111111100000
00000000000000011111111111100000
00000000000000000001111111100000
