00000000000000100000000000000000
00000000001111101000000000000000
00000000111111111000000000000000
00000000011110111000000000000000
00000001111000111000000000000000
00000011110000111000000000000000
00000011110000111000000000000000
00000001100000111000000000000000
00000011100000111000000000000000
00000011100000111000000000000000
00000000000000111000000000000000
00000000000000111000000000000000
00000000000000111000000000000000
00000000000000111000000000000000
00000000000000111000000000000000
00000000000000111000000000000000
00000000000000111000000000000000
00000000000000111000000000000000
00000000000000110000000000000000
00000000000000111000000000000000
00000000000000111000000000000000
00000000000000111000000000000000
00000000000001111000000000000000
00000000000001110000000000000000
00000000000001110000000000000000
00000000000001110000000000000000
00000000000010110000000000000000
00000000000011110000000000000000
00000000000011111111111000000000
00000000000000111111111111000000
00000000000000111111111111000000
00000000000000000000011111000000
