00000000011111111000000000000000
00000001111111111111000000000000
00000111111111111111000000000000
00000111110000000110100000000000
00001110000000000011100000000000
00011110000000000011100000000000
00011110000000000011000000000000
00111100000000000011100000000000
00111100000000000011100000000000
00111100000000000011100000000000
00000000000000000011100000000000
00000000000000000011100000000000
00000000000000000011100000000000
00000000000000000011100000000000
00000000000000000011100000000000
00000000000000000011100000000000
00000000000000000011100000000000
00000000000000000111100000000000
00000000000000000111000000000000
00000000000000001111000000000000
00000000000000001110000000000000
00000000000000011110000000000000
00000000000000111100000000000000
00000000000000111100000000000000
00000000000000111000000000000000
00000000000001101000000000000000
00000000000001110000000000000000
00000000000001110000000000000000
00000000000011100000000000000000
00000000000011111111111111111100
00000000000000111111111111111100
00000000000000111111111111111100
