00000000000000011110000000000000
00000000000111111110000000000000
00000000001011111111100000000000
00000000001111000001100000000000
00000000011100000001000000000000
00000000111000000001110000000000
00000000010000000001110000000000
00000000110000000001110000000000
00000000110000000001110000000000
00000000110000000001110000000000
00000000011000000001110000000000
00000000111000000001110000000000
00000000000000000001000000000000
00000000000000000011100000000000
00000000000000000011100000000000
00000000000000000011100000000000
00000000000000000011100000000000
00000000000000000111000000000000
00000000000000000111000000000000
00000000000000001111000000000000
00000000000000001110000000000000
00000000000000001110000000000000
00000000000000001110000000000000
00000000000000011110000000000000
00000000000000011100000000000000
00000000000000011100000000000000
00000000000000011100000000000000
00000000000000111000000000000000
00000000000000110000000000000000
00000000000000111111111110000000
00000000000000011111111110000000
00000000000000011111111110000000
