11111111111000000000000000000000
01111111111110000000000000000000
00100000001111000000000000000000
00000000000111000000000000000000
00000000000111000000000000000000
00000000000111100000000000000000
00000000000011100000000000000000
00000000000011100000000000000000
00000000000011100000000000000000
00000000000011100000000000000000
00000000000001110000000000000000
00000000000001100000000000000000
00000000000001110000000000000000
00000000000001110000000000000000
00000000000001110000000000000000
00000000000001110000000000000000
00000000000001110000000000000000
00000000000001000000000000000000
00000000000011000000000000000000
00000000000011000000000000000000
00000000000111000000000000000000
00000000000101000000000000000000
00000000001011000000000000000000
00000000011100000000000000000000
00000000111100000000000000000000
00000001111000000000000000000111
00000001110000000000000011111111
00000001100000000111111111111111
00000011101111111111111011110100
00000111111111101111111110000000
00000111111111101000000000000000
00000001111000000000000000000000
