00000011111111100000000000000000
00001011111111111100000000000000
00010111111111111011000000000000
00011111111111111110100000000000
00111100000000001011000000000000
00000000000000000011110000000000
00000000000000000011010000000000
00000000000000000011110000000000
00000000000000000001100000000000
00000000000000000001110000000000
00000000000000000001110000000000
00000000000000000001110000000000
00000000000000000001110000000000
00000000000000000001110000000000
00000000000000000001110000000000
00000000000000000001110000000000
00000000000000000001110000000000
00000000000000000001110000000000
00000000000000000011110000000000
00000000000000000011100000000000
00000000000000000110100000000000
00000000000000000111100000000000
00000000000000001111000000000000
00000000000000011111000000000000
00000000000000111110000000000000
00000000000001101100000000000000
00000000000011111000000000000000
00000000000011100000000000000000
00000000000111111111111111110000
00000000000011111111111111110000
00000000000011111111111111110000
00000000000011111111111111110000
