00000000000001111111000000001000
00000000000111111111000000001000
00000000001111110110010000001000
00000000011100000001110000001000
00000000011000000001110000001000
00000000111000000001110000001000
00000000111000000001110000001000
00000000000000000001110000001000
00000000000000000001110000001000
00000000000000000001110000001000
00000000000000000001110000001000
00000000000000000001110000001000
00000000000000000001110000001000
00000000000000000001100000001000
00000000000000000001100000001000
00000000000000000011100000001000
00000000000000000011000000001000
00000000000000000111100000001000
00000000000000000111000000001000
00000000000000000110000000001000
00000000000000001110000000001000
00000000000000011010000000001000
00000000000000011100000000001000
00000000000000110100000000001000
00000000000000111000000000001000
00000000000000110000000000001000
00000000000001110000000000001000
00000000000001100000000000001000
00000000000011100000000000001000
00000000000011111111111100001000
00000000000001111111111100001000
00000000000001011111111100001000
