00000000111111000000000000000000
00000011111111111000000000000000
00000111111111111100000000000000
00001111000000011110000000000000
00000110000000001111000000000000
00001100000000000111000000000000
00001100000000000111000000000000
00001100000000000011000000000000
00000000000000000011000000000000
00000000000000000011000000000000
00000000000000000011000000000000
00000000000000000011000000000000
00000000000000000111000000000000
00000000000000000111000000000000
00000000000000000111000000000000
00000000000000001110000000000000
00000000000000001110000000000000
00000000000000011000000000000000
00000000000000111100000000000000
00000000000000111000000000000000
00000000000001111000000000000000
00000000000001110000000000000000
00000000000011100000000000000000
00000000000011100000000000000000
00000000000111000000000000000000
00000000000010000000000000000000
00000000000111000000000000000000
00000000000111000000000000000000
00000000000110000000000000000000
00000000000010111111111111111000
00000000000001111111111111111000
00000000000001111111111111111000
