00010000000000000000000000000000
00101100000000000000000000000000
00111111100000000000000000000000
00011111110000000000000000000000
00000011111100000000000000000000
00000000111111000000000000000000
00000000001111000000000000000000
00000000000111100000000000000000
00000000000111100000000000000000
00000000000011110000000000000000
00000000000000110000000000000000
00000000000001100000000000000000
00000000000001111000000000000000
00000000000001111000000000000000
00000000000001111000000000000000
00000000000001111000000000000000
00000000000001111000000000000000
00000000000001100000000000000000
00000000000001111000000000000000
00000000000011100000000000000000
00000000000111110000000000000000
00000000000111100000000000000000
00000000001110000000000000000000
00000000001110000000000000000000
00000000111100000000000000000000
00000001111000000000000000000000
00000011111000000000000000000000
00000111110000000000000000000000
00011111100000000000000000000000
00001111111111111111111111111111
00001111111111111111111111111111
00001111111111111111111111111111
