00000000000000000000000000000000
00000000000000000000000000000000
00000000000000000000000000000000
01111001000000000000000000000000
01111111100000000000000000000000
01111111111000000000000000000000
00000001111100000000000000000000
00000000011100000000000000000000
00000000001111000000000000000000
00000000000111000000000000000000
00000000000111000000000000000000
00000000000111000000000000000000
00000000000111000000000000000000
00000000000111000000000000000000
00000000000111000000000000000000
00000000000111000000000000000000
00000000000111000000000000000000
00000000001110000000000000000000
00000000001110000000000000000000
00000000011110000000000000000000
00000000011100000000000000000000
00000000111100000000000000000000
00000000111000000000000000000000
00000000111000000000000000000000
00000000111111111110000000000000
00000000011111111111111111100000
00000000011111111111111111111111
00000000000000000000111111111111
00000000000000000000000000001111
00000000000000000000000000000000
00000000000000000000000000000000
00000000000000000000000000000000
