00000011111101000000000000000000
00000011111101100000000000000000
00000011111111111000000000000000
00000011111111101000000000000000
00000000000001011100000000000000
00000000000000111100000000000000
00000000000000011100000000000000
00000000000000111000000000000000
00000000000000011110000000000000
00000000000000011110000000000000
00000000000000011110000000000000
00000000000000011110000000000000
00000000000000011110000000000000
00000000000000011110000000000000
00000000000000011110000000000000
00000000000000011110000000000000
00000000000000011100000000000000
00000000000000111100000000000000
00000000000000111000000000000000
00000000000001111100000000000000
00000000000011111000000000000000
00000000000001111000000000000000
00000000000111110000000000000000
00000000001111100000000000000000
00000000011111000000000000000000
00000000111111000000000000000000
00000000111100000000000000000000
00000001111111111111000000000000
00000000111111111111111101110000
00000000011111111111111111110000
00000000001111111111111111110000
00000000000000000011111111110000
