00000000000000010110000000000000
00000000001111011110000000000000
00000001111111111111100000000000
00000000111111111111100000000000
00000000111100000011110000000000
00000000110000000001110000000000
00000000000000000001110000000000
00000000000000000001110000000000
00000000000000000001110000000000
00000000000000000001110000000000
00000000000000000001110000000000
00000000000000000001110000000000
00000000000000000001110000000000
00000000000000000001110000000000
00000000000000000001110000000000
00000000000000000001110000000000
00000000000000000001110000000000
00000000000000000001110000000000
00000000000000000011110000000000
00000000000000000011100000000000
00000000000000000111100000000000
00000000000000001111100000000000
00000000000000011111000000000000
00000000000000011110000000000000
00000000000001110110000000000000
00000000000011111000000000000000
00000000000111111000000000000000
00000000011111100000000000000000
00000000011111000000000000000000
00000001111111111111111110000000
00000000011111111111111110000000
00000000011111111111111110000000
