00000000000000000111111000000000
00000000000001111111111000000000
00000000001111111111110110000000
00000000111111110000001110000000
00000001111110000000001010000000
00000001110000000000000111000000
00000000100000000000000111000000
00000000000000000000000111000000
00000000000000000000000111000000
00000000000000000000000111000000
00000000000000000000000111000000
00000000000000000000001110000000
00000000000000000000001110000000
00000000000000000000001110000000
00000000000000000000011110000000
00000000000000000000011100000000
00000000000000000000011100000000
00000000000000000000111000000000
00000000000000000001111000000000
00000000000000000001110000000000
00000000000000000011100000000000
00000000000000000111100000000000
00000000000000000111000000000000
00000000000000011110000000000000
00000000000000011100000000000000
00000000000000111000000000000000
00000000000000111000000000000000
00000000000001110000000000000000
00000000000001110000000000000000
00000000000000111111111000000000
00000000000000111111111000000000
00000000000000001111110000000000
