00001111111111111111000000000000
00001111111111111111110000000000
00001111011111111111111100000000
00001111000000000000111111100000
00000000000000000000001111110000
00000000000000000000000111110000
00000000000000000000000001110000
00000000000000000000000000011000
00000000000000000000000011110000
00000000000000000000000111011000
00000000000000000000111111100000
00000000000000000111011111000000
00000000000000110111111100000000
00000000001110111111110000000000
00000001111111111110000000000000
00000111111110100000000000000000
00000111111111101000000000000000
00000111111111111111110000000000
00000000011111111111101100000000
00000000000000001111111110000000
00000000000000000000101010000000
00000000000000000000001111000000
00000000000000000000000010000000
00000000000000000000000111100000
00000000000000000000000011100000
00000000000000000000000011100000
00000000000000000000000011100000
00000000000000000000000100000000
00000000000000000000000110000000
00000011111111111111111110000000
00001011111111111111111000000000
00000011111111111111110000000000
