00000000111111111111000000000000
00000000011111111011111000000000
00000000011111111111111100000000
00000000000000000000101111000000
00000000000000000000000010000000
00000000000000000000000011100000
00000000000000000000000011100000
00000000000000000000000111000000
00000000000000000000001111000000
00000000000000000000011110000000
00000000000000000001111100000000
00000000000000000111111000000000
00000000000000001111110000000000
00000000000001101110000000000000
00000000000111111000000000000000
00000000000111110000000000000000
00000000000111101100000000000000
00000000000011011111000000000000
00000000000000111111000000000000
00000000000000000011100000000000
00000000000000000001011000000000
00000000000000000000011100000000
00000000000000000000010100000000
00000000000000000000001110000000
00000000000000000000000100000000
00000000000000000000001110000000
00000000000000000000001110000000
00000000000000000000001110000000
00000000000000000000011100000000
00000000011111111111111000000000
00000000011111111111101000000000
00000000011111111110100000000000
