00000000110111111111000000000000
00000011111111111111110000000000
00000011111111111111111100000000
00000001100000000001111110000000
00000000000000000000000100000000
00000000000000000000000110000000
00000000000000000000000111000000
00000000000000000000000110000000
00000000000000000000001111000000
00000000000000000000011110000000
00000000000000000000111100000000
00000000000000000001111100000000
00000000000000001111111000000000
00000000000001111111100000000000
00000000001111111110000000000000
00000000101111111000000000000000
00000000111111000000000000000000
00000000111110011000000000000000
00000000011111111111000000000000
00000000000000111111110000000000
00000000000000000111110000000000
00000000000000000001111100000000
00000000000000000000011100000000
00000000000000000000001110000000
00000000000000000000001100000000
00000000000000000000001110000000
00000000000000000000001110000000
00000000000000000000001110000000
00000000000000000111111100000000
00000011111111110111111000000000
00000011111111111011110000000000
00000011111111111000000000000000
