00000000000000111111100000000000
00000000011101111111100000000000
00000001111111111111011000000000
00000001111111100000111000000000
00000000100000000000111000000000
00000000000000000000111100000000
00000000000000000000010000000000
00000000000000000000011100000000
00000000000000000000011100000000
00000000000000000000011100000000
00000000000000000000111100000000
00000000000000000001111000000000
00000000000000000111111000000000
00000000000000011111110000000000
00000000000011111110000000000000
00000000010111101000000000000000
00000000111111100000000000000000
00000000101111111000000000000000
00000000101111111111111000000000
00000000000111111111111101000000
00000000000000000110111110000000
00000000000000000000000111000000
00000000000000000000000111000000
00000000000000000000001110000000
00000000000000000000001100000000
00000000000000000000011110000000
00000000000000000000111100000000
00000000000000000001100000000000
00000000000000001111110000000000
00000001111111111110100000000000
00000001111111111110000000000000
00000001111110110000000000000000
