00000111111111100000000000000000
00001111111111111000000000000000
00000111111111110100000000000000
00000000000000111010000000000000
00000000000000001110000000000000
00000000000000001010100000000000
00000000000000000111100000000000
00000000000000000011100000000000
00000000000000000011100000000000
00000000000000000011100000000000
00000000000000000011100000000000
00000000000000011111000000000000
00000000111111110101100000000000
00001011111111111110000000000000
00001111111110111000000000000000
00001111111111111100000000000000
00001110111111111111110000000000
00000001111111110111111100000000
00000000000000011111001111000000
00000000000000000000000110100000
00000000000000000000000111000000
00000000000000000000000011110000
00000000000000000000000001110000
00000000000000000000000000110000
00000000000000000000000000001000
00000000000000000000000000111000
00000000000000000000000000111000
00000000000000000000000011110000
00000000000000000011111111111000
00000000011111111111111111100000
00000000011111111111111111000000
00000000011111111011000000000000
