00000000111011100000000000001000
00000000111111111111000000001000
00000000111111111111110100001000
00000000000000001111111000001000
00000000000000000000011110001000
00000000000000000000000110001000
00000000000000000000000110001000
00000000000000000000000110001000
00000000000000000000001110001000
00000000000000000000011110001000
00000000000000000000011100001000
00000000000000000000111000001000
00000000000000000001110000001000
00000000000000000111110000001000
00000000000000011111000000001000
00000000000001111110000000001000
00000000000011111000000000001000
00000000000011111000000000001000
00000000000011111111000000001000
00000000000000011111111000001000
00000000000000000111111100001000
00000000000000000000110100001000
00000000000000000000001100001000
00000000000000000000000111001000
00000000000000000000001101001000
00000000000000000000111110001000
00000000000000000011111000001000
00000000000000011111010000001000
00000000000011111001000000001000
00000011111111111000000000001000
00000001111111100000000000001000
00000001111000000000000000001000
