00000000000000000011110100000000
00000001111111111111111110000000
00000011111111111111110100000000
00000001110111110000000010000000
00000000000000000000000111000000
00000000000000000000000111000000
00000000000000000000000111000000
00000000000000000000001110000000
00000000000000000000111110000000
00000000000000000111111100000000
00000000000001111111110000000000
00000000011111111111000000000000
00000000011111111000000000000000
00000000111110000000000000000000
00000000111110000000000000000000
00000000011111110000000000000000
00000000000111111110000000000000
00000000000001111111111000000000
00000000000000001111111110000000
00000000000000000000111111000000
00000000000000000000000111000000
00000000000000000000000011100000
00000000000000000000000011100000
00000000000000000000000011100000
00000000000000000000000011100000
00000000000000000000000111000000
00000000000000000000000111000000
00000000000000000000001000000000
00000000000000000000111110000000
00000111111111111111111100000000
00000111111111111111110000000000
00000111111111111110000000000000
