00000000000111111111101000000000
00000101111111111111110000000000
00000111111111111111111100000000
00001111111000000000011000000000
00000000000000000000001110000000
00000000000000000000001110000000
00000000000000000000001110000000
00000000000000000000011110000000
00000000000000000000011100000000
00000000000000000001111100000000
00000000000000000011110000000000
00000000000000011111100000000000
00000000000000111111000000000000
00000000000111101000000000000000
00000000000111110000000000000000
00000000000111111100000000000000
00000000000011111111100000000000
00000000000000011111111000000000
00000000000000000011011100000000
00000000000000000000011111000000
00000000000000000000000111010000
00000000000000000000000001100000
00000000000000000000000000110000
00000000000000000000000000111000
00000000000000000000000000111000
00000000000000000000000000111000
00000000000000000000000001100000
00000000000000000000000010110000
00000000000000000000000111100000
00001111111111111111111110000000
00001111111111111111111100000000
00001111111111111111100000000000
