00000011111111111100000000000000
00001111111111111110100000000000
00000110110111111101100000000000
00000000000000000001111000000000
00000000000000000000111000000000
00000000000000000000111000000000
00000000000000000000111000000000
00000000000000000000011000000000
00000000000000000000011000000000
00000000000000000000011000000000
00000000000000000000110000000000
00000000000000000001111000000000
00000000000000000011110000000000
00000000000000000111110000000000
00000000000001111111100000000000
00000000001111111010000000000000
00000000001111111100000000000000
00000000001111111111110100000000
00000000000001011111111111000000
00000000000000000011111111010000
00000000000000000000000011010000
00000000000000000000000000110000
00000000000000000000000000110000
00000000000000000000000001110000
00000000000000000000000011110000
00000000000000000000001110100000
00000000000000000000111111000000
00000000000000000011111100000000
00000000000000011111101000000000
00000011111111111111100000000000
00000011111111001000000000000000
00000011111110000000000000000000
