00000000000000001111111100000000
00000000000001011111111000000000
00000000011111111111111110000000
00000000011111110000001110000000
00000111111100000000001110000000
00000110100000000000001110000000
00000100000000000000001110000000
00000000000000000000011100000000
00000000000000000000111000000000
00000000000000000001111000000000
00000000000000000111010000000000
00000000000000001111100000000000
00000000000001111110000000000000
00000000000111111100000000000000
00000000001111100000000000000000
00000000111110000000000000000000
00000000111111111111000000000000
00000000111111111110111000000000
00000000000000001111111100000000
00000000000000000000001111100000
00000000000000000000000011110000
00000000000000000000000001110000
00000000000000000000000000100000
00000000000000000000000001110000
00000000000000000000000001110000
00000000000000000000000001110000
00000000000000000000000111110000
00000000000000000001111111000000
00000000000001111111111010000000
00000110111111111111110000000000
00000111111011111000000000000000
00000111110000000000000000000000
