00000011111000000000000000000000
00000111111111111000000000000000
00000011111111111110000000000000
00000000001011111101100000000000
00000000000000001111110000000000
00000000000000000001100000000000
00000000000000000001110000000000
00000000000000000001110000000000
00000000000000000001110000000000
00000000000000000101010000000000
00000000000000111111100000000000
00000000000011111101000000000000
00000000111011111000000000000000
00000001111111100000000000000000
00000001111110000000000000000000
00000000111111111000000000000000
00000000001111111111110000000000
00000000000001111111111011000000
00000000000000000111111111100000
00000000000000000000001111000000
00000000000000000000000001110000
00000000000000000000000001110000
00000000000000000000000001110000
00000000000000000000000001110000
00000000000000000000000011100000
00000000000000000000000011100000
00000000000000000000000111000000
00000000000000000000000111000000
00000000000000001011111110000000
00000000111111111111111000000000
00000000111111111111100000000000
00000000111111111000000000000000
