00000111111111111111100000000000
00000111111111111110111000000000
00000111111111111111111110000000
00000000000000000000111110000000
00000000000000000000000111100000
00000000000000000000000010100000
00000000000000000000000001100000
00000000000000000000000001110000
00000000000000000000000001110000
00000000000000000000000001110000
00000000000000000000000011110000
00000000000000000000001001100000
00000000000000000001111110100000
00000000000000011111111010000000
00000000001011111111111000000000
00000000011111111110000000000000
00000000011111110000000000000000
00000000111111111111110000000000
00000000000111111111111111100000
00000000000000011111111111110000
00000000000000000000001111110000
00000000000000000000000000111000
00000000000000000000000000111000
00000000000000000000000000111000
00000000000000000000000001110000
00000000000000000000000111110000
00000000000000000000111111100000
00000000000000011111111111000000
00000000011111111111111100000000
00001111111111111111000000000000
00001110111110110000000000000000
00001111100000000000000000000000
