00111111111111111111111111110000
00011111111111111111111111111100
00011111111111111111111111111100
00000000000000000000000000011010
00000000000000000000000000001110
00000000000000000000000000001110
00000000000000000000000000001110
00000000000000000000000000001110
00000000000000000000000000111100
00000000000000000000000001110100
00000000000000000000000111111000
00000000000000000001111111100000
00000000000000001111111100000000
00000000000001101111111000000000
00000000001111111111000000000000
00000101111111111000000000000000
00011111111111000000000000000000
00011111110000000000000000000000
00011111111111110000000000000000
00011111111111111111110000000000
00000000011111111111111100000000
00000000000000000111111010000000
00000000000000000000000111000000
00000000000000000000000111000000
00000000000000000000000111000000
00000000000000000000000111000000
00000000000000000000000111000000
00000000000000000000000110000000
00000000000000000000001111000000
00111111111111111111111100000000
00111111111111111111111100000000
00111111111111111111110000000000
