00000000000000011111111000000000
00000000000110111111111000000000
00000000001111110111111110000000
00000000111110000000000111000000
00000000111000000000000111000000
00000011110000000000000011000000
00000111100000000000000011100000
00000110000000000000000011100000
00000000000000000000000011100000
00000000000000000000000011100000
00000000000000000000000011000000
00000000000000000000000110000000
00000000000000000000001110000000
00000000000000000000111010000000
00000000000000000001011100000000
00000000000000001111110000000000
00000000000000011111000000000000
00000000000000011100000000000000
00000000000000011111000000000000
00000000000000001101111000000000
00000000000000000011111111000000
00000000000000000000011111000000
00000000000000000000000011100000
00000000000000000000000001110000
00000000000000000000000001110000
00000000000000000000000001010000
00000000000000000000000011100000
00000000000000000000000111000000
00000000000000000000011110000000
00000000000000000001111000000000
00000000111111111111111000000000
00000000111111111111100000000000
