00000000011111111110000000000000
00000011111111111110100000000000
00000111011111111111100000000000
00000111000000000011100000000000
00000000000000000001100000000000
00000000000000000001100000000000
00000000000000000001100000000000
00000000000000000011100000000000
00000000000000000011100000000000
00000000000000000111000000000000
00000000000000001111000000000000
00000000000000111110000000000000
00000000000011111100000000000000
00000000000111101000000000000000
00000000000111111000000000000000
00000000000111111111000000000000
00000000000001111111111000000000
00000000000000000101111111000000
00000000000000000000111111000000
00000000000000000000000111100000
00000000000000000000000001110000
00000000000000000000000001110000
00000000000000000000000011110000
00000000000000000000000101000000
00000000000000000000001111000000
00000000000000000000010110000000
00000000000000000001111100000000
00000000000000001111110000000000
00000000011101111101100000000000
00001111111111111110000000000000
00001111111111110000000000000000
00001111110000000000000000000000
