00000000011111111110000000000000
00000001111111111110100000000000
00000000111111111111000000000000
00000011111000000001100000000000
00000000000000000001110000000000
00000000000000000001110000000000
00000000000000000001100000000000
00000000000000000011110000000000
00000000000000000010100000000000
00000000000000000111100000000000
00000000000000111111000000000000
00000000000011111100000000000000
00000000001111111000000000000000
00000000011111100000000000000000
00000000011111101000000000000000
00000000011011111101000000000000
00000000001011111110100000000000
00000000000000001111110000000000
00000000000000000010111000000000
00000000000000000000011100000000
00000000000000000000001110000000
00000000000000000000001110000000
00000000000000000000001110000000
00000000000000000000001010000000
00000000000000000000000111000000
00000000000000000000000111000000
00000000010000000000001000000000
00000000010100000000011110000000
00000000111100000000111100000000
00000000011101111111111000000000
00000000000101111100010000000000
00000000000001111000000000000000
