00000000000011001111111110000000
00000000011111111111111111000000
00000001111111111111111110100000
00000111111000000000000011100000
00001111000000000000000011100000
00000000000000000000000011100000
00000000000000000000000011000000
00000000000000000000000111000000
00000000000000000000001111000000
00000000000000000000001110000000
00000000000000000011111100000000
00000000000000011111101000000000
00000000000001111111100000000000
00000000000011111100000000000000
00000000000001101000000000000000
00000000000000111110000000000000
00000000000000011111000000000000
00000000000000000111100000000000
00000000000000000011111000000000
00000000000000000001111100000000
00000000000000000000011110000000
00000000000000000000001111000000
00000000000000000000000101100000
00000000000000000000000011100000
00000000000000000000000001110000
00000000000000000000000001110000
00000000000000000000000001110000
00000000000000000000000111110000
00000000000000000011111010100000
00000111111111111111111111000000
00000111111111111101101000000000
00000111111111111000000000000000
