00000000101111111110000000000000
00000000001111111111100000000000
00000001111111111010111000000000
00000011100000000001111100000000
00000011100000000000011110000000
00000000000000000000000110000000
00000000000000000000000111000000
00000000000000000000000111000000
00000000000000000000001110000000
00000000000000000000011110000000
00000000000000000001111100000000
00000000000000000111111000000000
00000000000000011111100000000000
00000000000001111100000000000000
00000000000111011000000000000000
00000000001111100000000000000000
00000000000101111100000000000000
00000000000001111111100000000000
00000000000000001111110000000000
00000000000000000011111000000000
00000000000000000000011000000000
00000000000000000000011000000000
00000000000000000000011000000000
00000000000000000000110000000000
00000000000000000000110000000000
00000000000000000011010000000000
00000000000000000111100000000000
00000000000000011111000000000000
00000000000001111110000000000000
00000000011111111000000000000000
00000000001111000000000000000000
00000000001000000000000000000000
