00000011111111111100000000000000
00000011111111111111101000000000
00000011111111111110111110000000
00000000000000000011111110000000
00000000000000000000001110100000
00000000000000000000000011100000
00000000000000000000000011100000
00000000000000000000001111000000
00000000000000000000011110000000
00000000000000000111111100000000
00000000000000011111110000000000
00000000000001111111000000000000
00000000000100111100000000000000
00000000000111010000000000000000
00000000000011100000000000000000
00000000000011111000000000000000
00000000000010111100000000000000
00000000000001111111100000000000
00000000000000001111110000000000
00000000000000000011111110000000
00000000000000000000111110000000
00000000000000000000001111000000
00000000000000000000000011100000
00000000000000000000000111000000
00000000000000000000011110000000
00000000000000000011111100000000
00000000000000011011110100000000
00000000000011111110110000000000
00000000011111111110000000000000
00000000011111110000000000000000
00000000011110000000000000000000
00000000000000000000000000000000
