00000001111111111111110000000000
00000011111111111111111010000000
00000001111111111111111111000000
00000000000000000000000111000000
00000000000000000000001111000000
00000000000000000000011110000000
00000000000000000000111100000000
00000000000000000001111000000000
00000000000000000111110000000000
00000000000000001111100000000000
00000000000000111110000000000000
00000000000001111100000000000000
00000000000011110000000000000000
00000000000111100000000000000000
00000000000011100000000000000000
00000000000101111000000000000000
00000000000001110110000000000000
00000000000000011101100000000000
00000000000000000111110000000000
00000000000000000001101000000000
00000000000000000000001100000000
00000000000000000000010100000000
00000000000000000000001110000000
00000000000000000000001110000000
00000000000000000000001110000000
00000000000000000000001110000000
00000000000000000000001110000000
00000000000000000000001110000000
00000000000000000000011100000000
00000000000001111111110000000000
00000001111111111111100000000000
00000001111111111100000000000000
