00000000010111111011000000000000
00000000111111111110100000000000
00000111111111111111111000000000
00000111100000000001111010000000
00000010000000000000011111000000
00000000000000000000001011000000
00000000000000000000000011000000
00000000000000000000000001000000
00000000000000000000000011100000
00000000000000000000000011000000
00000000000000000000000011000000
00000000000000000000011111000000
00000000000000000111111110000000
00000000000000001011111000000000
00000000000000001111100000000000
00000000000000001111110000000000
00000000000000000011111000000000
00000000000000000000111100000000
00000000000000000000001100000000
00000000000000000000001010000000
00000000000000000000000011000000
00000000000000000000000101000000
00000000000000000000000011100000
00000000000000000000000001000000
00000000000000000000000001100000
00000000000000000000000001100000
00000000000000000000000001000000
00000000000000000000000111000000
00000000000000000000010110000000
00000011111111111111101110000000
00000011111111111111100000000000
00000011111111111100100000000000
