00000011111111111111110000000000
00000111111111111111110000000000
00001111111111111111111000000000
00000000000000000000111000000000
00000000000000000000111000000000
00000000000000000000111000000000
00000000000000000001111000000000
00000000000000000001110000000000
00000000000000000011100000000000
00000000000000000111000000000000
00000000000000001111000000000000
00000000000000111110000000000000
00000000000111111100000000000000
00000000011110110000000000000000
00000000111111000000000000000000
00000000011111110000000000000000
00000000001111111110000000000000
00000000000001110111100000000000
00000000000000001111111100000000
00000000000000000001111111000000
00000000000000000000011111100000
00000000000000000000000111110000
00000000000000000000000001110000
00000000000000000000000001110000
00000000000000000000000001110000
00000000000000000000000110100000
00000000000000000000011110000000
00000000000000001101111010000000
00000000000001111111111000000000
00000000001111111111000000000000
00000000001111110000000000000000
00000000000110000000000000000000
