00000000111111111111111011000000
00001111111111111111111110100000
00001111111111111111111011110000
00000110111110000000000010101000
00000000000000000000000001010000
00000000000000000000000000010000
00000000000000000000000000111000
00000000000000000000000000111000
00000000000000000000000001110000
00000000000000000000000011010000
00000000000000000000011111110000
00000000000000000011111111100000
00000000000000111111111110000000
00000000000011111111111000000000
00000000000001111110000000000000
00000000000001111110000000000000
00000000000011111110110000000000
00000000000000011011111000000000
00000000000000000111111111000000
00000000000000000000101111100000
00000000000000000000001111110000
00000000000000000000000011110000
00000000000000000000000001110000
00000000000000000000000001110000
00000000000000000000000011110000
00000000000000000000000111100000
00000000000000000000111111100000
00000000000000111110111111000000
00000000010111111111111110000000
00000000011111111111110000000000
00000000011111111000000000000000
00000000010100000000000000000000
