00000100000000000000000000000000
00000101110000000000000000000000
00000111111111000000000000000000
00000000101111111000000000000000
00000000000011111111000000000000
00000000000000011111111100000000
00000000000000000011111111000000
00000000000000000000011111110000
00000000000000000000000001110000
00000000000000000000000011100000
00000000000000000000000111100000
00000000000000000000111111000000
00000000000000000111111100000000
00000000000000111111110000000000
00000000000111111110000000000000
00000000111111110000000000000000
00000000111110000000000000000000
00000011110000000000000000000000
00000001111110000000000000000000
00000000110111110000000000000000
00000000000111111110000000000000
00000000000000111111100000000000
00000000000000000111111000000000
00000000000000000001111100000000
00000000000000000000011100000000
00000000000000000000011100000000
00000000000000000000111100000000
00000000000000000001111000000000
00000000000000011111110000000000
00000000000111111111000000000000
00000000111111111100000000000000
00000000111111000000000000000000
