00000000011111011000000000000000
00000000001111111111000000000000
00000000001111101111110000000000
00000000000000000111111000000000
00000000000000000000111000000000
00000000000000000000111000000000
00000000000000000000111000000000
00000000000000000001110000000000
00000000000000000111100000000000
00000000000000011111100000000000
00000000000001111110000000000000
00000000000111111000000000000000
00000000011111100000000000000000
00000000111110000000000000000000
00000000111000000000000000000000
00000001111110000000000000000000
00000000111111110000000000000000
00000000000111111100000000000000
00000000000001111111100000000000
00000000000000011111111000000000
00000000000000000011111110000000
00000000000000000000111110000000
00000000000000000000001100000000
00000000000000000000011100000000
00000000000000000001011000000000
00000000000000000011111000000000
00000000000000011111010000000000
00000000000001111111000000000000
00000000001111111100000000000000
00000000111111110000000000000000
00000000111110000000000000000000
00000000110000000000000000000000
