00000000111111110000000000000000
00000000111111111100000000000000
00000000000000111110000000000000
00000000000000001111100000000000
00000000000000000011110000000000
00000000000000000001111000000000
00000000000000000000011100000000
00000000000000000000001100000000
00000000000000000000000110000000
00000000000000000000000110000000
00000000000000000000011100000000
00000000000000000011111010000000
00000000000000000111111000000000
00000000000000111111100000000000
00000000000011111100000000000000
00000000001111100000000000000000
00000000011111000000000000000000
00000000011100000000000000000000
00000000001110000000000000000000
00000000011111100000000000000000
00000000000111111110000000000000
00000000000001011111111000000000
00000000000000000111111100000000
00000000000000000000001110000000
00000000000000000000000110000000
00000000000000000000000110000000
00000000000000000000011100000000
00000000000000000011111100000000
00000000000011111111111000000000
00000000101111111011000000000000
00000000111111110000000000000000
00000000110000000000000000000000
