00000000000111101100000000000000
00000000001111111110000000000000
00000000001111111111000000000000
00000000001110000011110000000000
00000000000100000001110000000000
00000000001110000000111000000000
00000000001100000000111000000000
00000000000000000000111000000000
00000000000000000000111000000000
00000000000000000000111000000000
00000000000000000000111000000000
00000000000000000000111000000000
00000000000000000001110000000000
00000000000000000001100000000000
00000000000000000011110000000000
00000000000000000111100000000000
00000000000000000111000000000000
00000000000000011111000000000000
00000000000000111110000000000000
00000000000011111000000000000000
00000000000111110000000000000000
00000000011111100000000000000000
00000000011111111100000000000000
00000000011011111111100000000000
00000000000000011111111100000000
00000000000000000001111100000000
00000000000000000000001110000000
00000000000000000000011110000000
00000000000000000111110100000000
00000001111111111111101000000000
00000001111111111111110000000000
00000001111111000000000000000000
