00000001111111111110000000000000
00000001111111111111100000000000
00000001111111111111100000000000
00000000000000000011110000000000
00000000000000000011110000000000
00000000000000000011110000000000
00000000000000000001100000000000
00000000000000000111100000000000
00000000000000000111000000000000
00000000000000001111000000000000
00000000000000011110000000000000
00000000000000111100000000000000
00000000000011111000000000000000
00000000000111110000000000000000
00000000011111100000000000000000
00000000111101000000000000000000
00000001111100000000000000000000
00000001111000000000000000000000
00000001111111000000000000000000
00000000111111111000000000000000
00000000001111111111110000000000
00000000000001111111111100000000
00000000000000001111111111100000
00000000000000000000111111100000
00000000000000000000000111111000
00000000000000000000000000111000
00000000000000000000000001100000
00000000000000000000000101110000
00000000000000000000011110110000
00001111111111111111111110000000
00001111111111111111011100000000
00001111111111111111100000000000
