00000000000011110000000000000000
00000000001111111111000000000000
00000000000011111110100000000000
00000000000000001111100000000000
00000000000000000001111000000000
00000000000000000001111000000000
00000000000000000001110000000000
00000000000000000011010000000000
00000000000000001111100000000000
00000000000000011111000000000000
00000000000001111110000000000000
00000000000111111000000000000000
00000000011111100000000000000000
00000000011110000000000000000000
00000000111100000000000000000000
00000001111000000000000000000000
00000000111110000000000000000000
00000000001111100000000000000000
00000000000111111000000000000000
00000000000011111110000000000000
00000000000000011111100000000000
00000000000000000111110000000000
00000000000000000011111000000000
00000000000000000000011100000000
00000000000000000000001110000000
00000000000000000000011100000000
00000000000000000011111100000000
00000000000000001111111000000000
00000000000001111111000000000000
00000000011111111010000000000000
00000000011110010000000000000000
00000000011110000000000000000000
