00000000011111111111111111010000
00000000011111111111111111110000
00000000011111111111111111110000
00000000011111111111111111111100
00000000000000000000000000111100
00000000000000000000000001011000
00000000000000000000011111110000
00000000000000000001111111100000
00000000000000011111111110000000
00000000000001111111111000000000
00000000000000011111100000000000
00000000000011111100000000000000
00000000000000111000000000000000
00000000000001111100000000000000
00000000000000111110000000000000
00000000000000011111000000000000
00000000000000001111100000000000
00000000000000000111110000000000
00000000000000000011111100000000
00000000000000000001110110000000
00000000000000000000111100000000
00000000000000000000001111000000
00000000000000000000011111000000
00000000000000000011111110000000
00000000000000001111111110000000
00000000000001111111110000000000
00000000011111011111000000000000
00000001101111111100000000000000
00001111111011100000000000000000
00001111111100000000000000000000
00111111100000000000000000000000
00001100000000000000000000000000
