00000001111111100000000000000000
00000011111111111100000000000000
00000001111111111111100000000000
00000000000000111110101000000000
00000000000000000111111100000000
00000000000000000000111111000000
00000000000000000000001110000000
00000000000000000000000011100000
00000000000000000000000111100000
00000000000000000000001011100000
00000000000000000000111111000000
00000000000000000000111100000000
00000000000000000111101100000000
00000000000000001111110000000000
00000000000000111111000000000000
00000000000001111100000000000000
00000000000111111000000000000000
00000000000111110000000000000000
00000000000001110000000000000000
00000000000001110100000000000000
00000000000000111101000000000000
00000000000000111111100000000000
00000000000000001111100000000000
00000000000000000010110000000000
00000000000000000001111100000000
00000000000000000000111100000000
00000000000000000000111000000000
00000000000000000101110000000000
00000000000011110111100000000000
00000000001101111001000000000000
00000000001111111010000000000000
00000000000111000000000000000000
