00000001101111000000000000000000
00000001111110111000000000000000
00000001101111111100000000000000
00000000000000111111000000000000
00000000000000000111100000000000
00000000000000000011110000000000
00000000000000000001100000000000
00000000000000000001110000000000
00000000000000000001110000000000
00000000000000000001100000000000
00000000000000000011110000000000
00000000000000000111100000000000
00000000000000011111000000000000
00000000000000111100000000000000
00000000000011111100000000000000
00000000011011010000000000000000
00000000111101100000000000000000
00000000111100000000000000000000
00000011111111000000000000000000
00000000111111111100000000000000
00000000001111111111110000000000
00000000000000011111100000000000
00000000000000000011111100000000
00000000000000000000011101000000
00000000000000000000000111000000
00000000000000000000000111000000
00000000000000000000000011100000
00000000000000000000000111100000
00000000000000000011101110000000
00000011111111111111111000000000
00000011111111111111001000000000
00000011111111111110000000000000
