00000000111111111000000000000000
00000000111111111111011000000000
00000000111111111111111000000000
00000000000001111111111100000000
00000000000000000000111000000000
00000000000000000000111100000000
00000000000000000001111000000000
00000000000000000111110000000000
00000000000000000111100000000000
00000000000000001111000000000000
00000000000000011110000000000000
00000000000001111100000000000000
00000000000001111000000000000000
00000000000001110000000000000000
00000000000111100000000000000000
00000000000001101000000000000000
00000000000011110010000000000000
00000000000000011111100000000000
00000000000000001011010000000000
00000000000000000011110000000000
00000000000000000000101000000000
00000000000000000000111000000000
00000000000000000000111000000000
00000000000000000000111100000000
00000000000000000000111100000000
00000000000000000001110000000000
00000000000000000111111000000000
00000000000001111111110000000000
00000000011101111110000000000000
00000000111111111100000000000000
00000000111111100000000000000000
00000000110100000000000000000000
