00000000100000000000000000000000
00000000111110000000000000000000
00000000111111100000000000000000
00000000011111111000000000000000
00000000000011111111000000000000
00000000000000101111110000000000
00000000000000001111111100000000
00000000000000000001111110000000
00000000000000000000011111000000
00000000000000000000001111000000
00000000000000000000110110000000
00000000000000000111111110000000
00000000000001111111111000000000
00000000000001111101100000000000
00000000000111111100000000000000
00000000000111000000000000000000
00000000000011100000000000000000
00000000000011111000000000000000
00000000000001111100000000000000
00000000000000111110000000000000
00000000000000001111000000000000
00000000000000000111100000000000
00000000000000000010111000000000
00000000000000000001111000000000
00000000000000000000111000000000
00000000000000000000011100000000
00000000000000000001011100000000
00000000000000111111111000000000
00000000011111101111110000000000
00000000111111011111000000000000
00000011111111100000000000000000
00000000000000000000000000000000
