00000000111110000000000000000000
00000000111111111100000000000000
00000000111111111111100000000000
00000000000001101101100000000000
00000000000000000001111000000000
00000000000000000000111000000000
00000000000000000001110000000000
00000000000000000011110000000000
00000000000000000111100000000000
00000000000000001111000000000000
00000000000000011010000000000000
00000000000001111100000000000000
00000000000011111000000000000000
00000000001111100000000000000000
00000000010111000000000000000000
00000000011100000000000000000000
00000000011100000000000000000000
00000000111111100000000000000000
00000000001111111100000000000000
00000000000011111111000000000000
00000000000000011111111000000000
00000000000000000011111100000000
00000000000000000000111000000000
00000000000000000000001110000000
00000000000000000000011110000000
00000000000000000000111100000000
00000000000000000011111000000000
00000000000000001111110000000000
00000000000001111111000000000000
00000000111111111100000000000000
00000000110110110000000000000000
00000000011000000000000000000000
