00000000000000111111100000000000
00000000000010111111110000000000
00000000001111111111100000000000
00000000011111000000111000000000
00000001111000000000111000000000
00000011100000000000111000000000
00000000100000000000111000000000
00000000000000000000111000000000
00000000000000000000111000000000
00000000000000000000111000000000
00000000000000000000111000000000
00000000000000000000111000000000
00000000000000000011110000000000
00000000000000000111100000000000
00000000000000010111000000000000
00000000000000111110000000000000
00000000000000110000000000000000
00000000000000111100000000000000
00000000000000111111000000000000
00000000000000001011100000000000
00000000000000000011111000000000
00000000000000000001111100000000
00000000000000000000010110000000
00000000000000000000001111000000
00000000000000000000000110000000
00000000000000000000000111000000
00000000000000000000000111000000
00000000000000000000011111000000
00000000000000000001111110000000
00000000000011111111110000000000
00000000000011111110110000000000
00000000000011110100000000000000
