00001001111111111111100000000000
00001101111111111111110000000000
00001001111111111111011000000000
00000000000000000000111100000000
00000000000000000000011100000000
00000000000000000000011100000000
00000000000000000000011100000000
00000000000000000000011100000000
00000000000000000000011100000000
00000000000000000000011000000000
00000000000000000000101100000000
00000000000000000010111000000000
00000000000000000111110000000000
00000000000000011110100000000000
00000000000001101111000000000000
00000000000111110100000000000000
00000000011110111000000000000000
00000000111111101111111111000000
00000001111111111111111111110000
00000001111111111111111111110100
00000000000000000000000000111000
00000000000000000000000000011100
00000000000000000000000000011100
00000000000000000000000000011100
00000000000000000000000000001100
00000000000000000000000000111000
00000000000000000000000010110000
00000000000000000011111011010000
00000000000111010111111100000000
00111111111111111101110010000000
00011111111111111101000000000000
00011111101000000000000000000000
