00000001111111110111111000000000
00000001111111111111111110000000
00000001111111111111111111000000
00000000000000000000001111000000
00000000000000000000001111000000
00000000000000000000001110000000
00000000000000000000111100000000
00000000000000000001111000000000
00000000000000000011110000000000
00000000000000000110100000000000
00000000000000001111000000000000
00000000000000011110000000000000
00000000000000011100000000000000
00000000000000010000000000000000
00000000000000111100000000000000
00000000000000011111000000000000
00000000000000001111100000000000
00000000000000000111110000000000
00000000000000000001111000000000
00000000000000000000111100000000
00000000000000000000001010000000
00000000000000000000001110000000
00000000000000000000000110000000
00000000000000000000000011100000
00000000000000000000001111100000
00000000000000000000111101000000
00000000000000000101111110000000
00000000000000111111011000000000
00000000000111111011100000000000
00000000010111111100000000000000
00000000001111100000000000000000
00000000000100000000000000000000
