00000000100000000000000000000000
00000001111000000000000000000000
00000001101110000000000000000000
00000000011111110000000000000000
00000000000111111100000000000000
00000000000000111110000000000000
00000000000000001110000000000000
00000000000000000011100000000000
00000000000000000101000000000000
00000000000000001101000000000000
00000000000000011110000000000000
00000000000000110100000000000000
00000000000001011000000000000000
00000000000011110000000000000000
00000000000111100000000000000000
00000000001111000000000000000000
00000000011110000000000000000000
00000000011000000000000000000000
00000000011000000000000000000000
00000000111100000000000000000000
00000000101110100000000000000000
00000000001111111000000000000000
00000000000011111110000000000000
00000000000000011111000000000000
00000000000000000101111000000000
00000000000000000001111100000000
00000000000000000000011110000000
00000000000000001110111110000000
00000000000111111111111000000000
00000001111111111110000000000000
00000000111111100000000000000000
00000000110000000000000000000000
