00000000110111111111100000000000
00000000111111111111111000000000
00000001110000000011110100000000
00000000000000000000011110000000
00000000000000000000000110000000
00000000000000000000000110000000
00000000000000000000000110000000
00000000000000000000000110000000
00000000000000000000001110000000
00000000000000000000011100000000
00000000000000000000101000000000
00000000000000000001111000000000
00000000000000000011100000000000
00000000000000001111000000000000
00000000000000011110000000000000
00000000000000011100000000000000
00000000000000011100000000000000
00000000000000011110000000000000
00000000000000001111100000000000
00000000000000000111110000000000
00000000000000000001111100000000
00000000000000000000011110000000
00000000000000000000001100000000
00000000000000000000111000000000
00000000000000000011111000000000
00000000000000001111110000000000
00000000000000111111000000000000
00000000000011111100000000000000
00000000001111100000000000000000
00000000111111000000000000000000
00000000111100000000000000000000
00000000110000000000000000000000
