00000000000000011111111000000000
00000000000001011111111110000000
00000000000011111111111111000000
00000000001111011111000111000000
00000000010110000000000111000000
00000000010110000000000111000000
00000000111100000000000111000000
00000000111000000000001111000000
00000000000000000000011110000000
00000000000000000000111100000000
00000000000000000001111100000000
00000000000000000011111000000000
00000000000000011111110000000000
00000000000111111111000000000000
00000000001111111110000000000000
00000000000111111101000000000000
00000000000111011111111000000000
00000000000000111111111100000000
00000000000000000001111110000000
00000000000000000000011110000000
00000000000000000000000100000000
00000000000000000000001110000000
00000000000000000000001110000000
00000000000000000000001110000000
00000000000000000000001110000000
00000000000000000000010100000000
00000000000000000001111100000000
00000000000000001111111100000000
00000000001111111111100000000000
00000011111111111111000000000000
00000011111110111000000000000000
00000011101100000000000000000000
