00000000000000011111111000000000
00000000000000111111111110000000
00000000000001111011111100000000
00000000000011110000001011000000
00000000000011100000000111000000
00000000000011100000000111000000
00000000000001000000000111000000
00000000000010000000000110000000
00000000000000000000001111000000
00000000000000000000011110000000
00000000000000000001111100000000
00000000000000000011111000000000
00000000000000000111110000000000
00000000000000001110000000000000
00000000000000011110000000000000
00000000000000011100000000000000
00000000000000111000000000000000
00000000000000111100000000000000
00000000000000011111000000000000
00000000000000000111110000000000
00000000000000000110111000000000
00000000000000000001111000000000
00000000000000000000011110000000
00000000000000000000001110000000
00000000000000000000111100000000
00000000000000000011011100000000
00000000000000011011110000000000
00000000000011111111100000000000
00000000110111111110000000000000
00000010111101110000000000000000
00000011111110000000000000000000
00000011100000000000000000000000
