00000011011111111000000000000000
00000011111111111110000000000000
00000011111111111100000000000000
00000000000000001111000000000000
00000000000000000100000000000000
00000000000000000111000000000000
00000000000000000111000000000000
00000000000000000110000000000000
00000000000000111010000000000000
00000000000011111100000000000000
00000000000111110000000000000000
00000000011111100000000000000000
00000001011100000000000000000000
00000011111000000000000000000000
00000011110000000000000000000000
00000011110110000000000000000000
00000011101111011100000000000000
00000000001111111111100000000000
00000000000001111111110000000000
00000000000000000111111111000000
00000000000000000000111010100000
00000000000000000000000101100000
00000000000000000000000001110000
00000000000000000000000001110000
00000000000000000000000001110000
00000000000000000000000001100000
00000000000000000000000011000000
00000000000000000000001110100000
00000000000000000000111110000000
00000001111111101110011010000000
00000001111111111111101000000000
00000001111111111100000000000000
