00000000001111111111111100000000
00000000011111111111111101000000
00000000001111111111111111000000
00000000000000000000000111000000
00000000000000000000000111000000
00000000000000000000010110000000
00000000000000000000111101000000
00000000000000000111111110000000
00000000000000011111111000000000
00000000000000111111100000000000
00000000000011111110000000000000
00000000000001110000000000000000
00000000000111110000000000000000
00000000000101011100000000000000
00000000000010111110000000000000
00000000000000111110000000000000
00000000000000011111110000000000
00000000000000000111111000000000
00000000000000000011111000000000
00000000000000000000011100000000
00000000000000000000010010000000
00000000000000000000001111000000
00000000000000000000001111000000
00000000000000000001111100000000
00000000000000000111111110000000
00000000000000011111101000000000
00000000000011111111100000000000
00000000001111111111000000000000
00000001111111111000000000000000
00000001111101100000000000000000
00000001111100000000000000000000
00000001100000000000000000000000
