00000001111111111000000000000000
00000000111111111111000000000000
00000111111111111111111000000000
00000000111111111111111010000000
00000000111111111111111110000000
00000000000000000011111010000000
00000000000000000000011111100000
00000000000000000000001111100000
00000000000000000000101101100000
00000000000000000011111110000000
00000000000000001111111100000000
00000000000000011011101100000000
00000000000001111111110000000000
00000000000011111111100000000000
00000000000111111100000000000000
00000000000011111000000000000000
00000000001111100000000000000000
00000000000011110000000000000000
00000000000111110100000000000000
00000000000110111110000000000000
00000000000001111010000000000000
00000000000000101111000000000000
00000000000000011111000000000000
00000000000000001111000000000000
00000000000000011100000000000000
00000000000001111111000000000000
00000000000111111010000000000000
00000000111111111100000000000000
00000001110111110000000000000000
00000000111111110000000000000000
00000000011100000000000000000000
00000000011000000000000000000000
