00000000011111110000000000000000
00000000011111111100000000000000
00000000001111111110000000000000
00000000000000001111000000000000
00000000000000000011100000000000
00000000000000000011100000000000
00000000000000000011100000000000
00000000000000000110000000000000
00000000000000011111000000000000
00000000000001101100000000000000
00000000000111110100000000000000
00000000001111110000000000000000
00000001011110000000000000000000
00000001111000000000000000000000
00000001111100000000000000000000
00000000111111000000000000000000
00000000001111110000000000000000
00000000000101111100000000000000
00000000000001111111000000000000
00000000000000011111100000000000
00000000000000000111111000000000
00000000000000000001111110000000
00000000000000000000011111000000
00000000000000000000001111000000
00000000000000000000000111000000
00000000000000000000000111000000
00000000000000000000011111000000
00000000000000000011101100000000
00000000000111111111101000000000
00000011011111111111100000000000
00000001011111110000000000000000
00000001011000000000000000000000
