00000000111111110000000000000000
00000000011111111101000000000000
00000000111111111110000000000000
00000000000000011111000000000000
00000000000000000011100000000000
00000000000000000011000000000000
00000000000000000110100000000000
00000000000000001111000000000000
00000000000000111010000000000000
00000000000001111100000000000000
00000000000011111000000000000000
00000000000011100000000000000000
00000000000111000000000000000000
00000000000111110000000000000000
00000000000010111000000000000000
00000000000000111110000000000000
00000000000000011101000000000000
00000000000000001111110000000000
00000000000000000011111000000000
00000000000000000001011100000000
00000000000000000000111010000000
00000000000000000000001110000000
00000000000000000000000110000000
00000000000000000000000111000000
00000000000000000000001111000000
00000000000000000000011101000000
00000000000000000111111110000000
00000000000001111111101000000000
00000000011101111111000000000000
00000011111111111100000000000000
00000001111110000000000000000000
00000001110000000000000000000000
