00000000000000001111111101000000
00000000000111111111111111000000
00000000000111111111111111000000
00000000011111110000000111000000
00000000111100000000000111000000
00000011100000000000000111000000
00000011100000000000000111000000
00000001000000000000001111000000
00000000000000000000111110000000
00000000000000000011111100000000
00000000000000000111111000000000
00000000000000111111100000000000
00000000000001011110000000000000
00000000001101111000000000000000
00000000000101000000000000000000
00000000011111110000000000000000
00000000001001011110100000000000
00000000000011111111111100000000
00000000000000001111111010000000
00000000000000000000011010000000
00000000000000000000000111000000
00000000000000000000000011000000
00000000000000000000000111000000
00000000000000000000000111000000
00000000000000000000000111000000
00000000000000000000000111000000
00000000000000000000000111000000
00000000000000000000000110000000
00000000000000000000001000000000
00000001111111111111100010000000
00000001111111111111111000000000
00000001111111111110100000000000
