00000001011111111111111110000000
00000011111111111111111110000000
00000011111111111111111111100000
00000000000000000000000111100000
00000000000000000000000111100000
00000000000000000000000111100000
00000000000000000000000111000000
00000000000000000000001110000000
00000000000000000000011110000000
00000000000000000000111100000000
00000000000000000011111000000000
00000000000000000111110000000000
00000000000000001111100000000000
00000000000000111111000000000000
00000000000000111110000000000000
00000000000000111000000000000000
00000000000001011110000000000000
00000000000000011111100000000000
00000000000000001111111000000000
00000000000000000011111100000000
00000000000000000000111100000000
00000000000000000000011110000000
00000000000000000000000111100000
00000000000000000000000011100000
00000000000000000000001011000000
00000000000000000000111111000000
00000000000000000111111110000000
00000000000000111111111000000000
00000000011111011111000000000000
00000000111111111100000000000000
00000000011110100000000000000000
00000000110000000000000000000000
