00000000000111111110100000000000
00000000001011111110010000000000
00000000000010000001110000000000
00000000000000000000111000000000
00000000000000000000111000000000
00000000000000000000111000000000
00000000000000000000111000000000
00000000000000000000111000000000
00000000000000000001110000000000
00000000000000000111110000000000
00000000000000011111100000000000
00000000000001101110000000000000
00000000000111111000000000000000
00000000000111100000000000000000
00000000011110000000000000000000
00000000001110000000000000000000
00000000001011000000000000000000
00000000000101110000000000000000
00000000000011111000000000000000
00000000000000111110000000000000
00000000000000011110000000000000
00000000000000000111100000000000
00000000000000000011110000000000
00000000000000000001111000000000
00000000000000000000111100000000
00000000000000000000001110000000
00000000000000000000001110000000
00000000000000000111111100000000
00000000000001011111111000000000
00000001110111111111100000000000
00000001111110111000000000000000
00000001111100000000000000000000
