00000000100000000000000000000000
00000001110001110000000000000000
00000001110001110000000000000000
00000001100001110000000000000000
00000001100001110000000000000000
00000001100001110000000000000000
00000001100001110000000000000000
00000001100001110000000000000000
00000001100000110000000000000000
00000001100001110000000000000000
00000001100001110000000000000000
00000001100001110000000000000000
00000001100001110000000000000000
00000001100001110000000000000000
00000001100001110000000000000000
00000001100001110000000000000000
00000001100001110000000001000000
00000001100001110001111111000000
00000001111111111111111101000000
00000001111111111111011100000000
00000000000001110000000000000000
00000000000001110000000000000000
00000000000001110000000000000000
00000000000001110000000000000000
00000000000001110000000000000000
00000000000001110000000000000000
00000000000000110000000000000000
00000000000001110000000000000000
00000000000001110000000000000000
00000000000001110000000000000000
00000000000001110000000000000000
00000000000000000000000000000000
