00110000000000000000000000000000
00110000000001110000000000000000
00110000000001110000000000000000
00110000000001110000000000000000
00110000000001110000000000000000
00110000000001110000000000000000
01110000000001110000000000000000
01110000000001110000000000000000
01110000000001110000000000000000
01110000000001110000000000000000
01110000000001110000000000000000
01110000000001110000000000000000
01110000000001110000000000000000
00010000000001110000000000000000
00111000000001110000000000000000
00110000000001110000000000000000
00111100000001110000000000000000
00011010000001110000000000000000
00000101110001110000000000000000
00000110111011111111111111111000
00000001011111111111111111110000
00000000000011111111111111110000
00000000000001110000000000000000
00000000000001110000000000000000
00000000000001110000000000000000
00000000000001110000000000000000
00000000000001110000000000000000
00000000000001110000000000000000
00000000000001110000000000000000
00000000000001110000000000000000
00000000000001110000000000000000
00000000000001110000000000000000
