00000000000000000001110000000000
00000000000000000001110000000000
00001111000000000001110000000000
00001111000000000001110000000000
00001111000000000001110000000000
00001111000000000001110000000000
00001111000000000001110000000000
00001110000000000001110000000000
00001110000000000011110000000000
00001110000000000011100000000000
00001110000000000011100000000000
00001110000000000011100000000000
00001110000000000011100000000000
00001110000000000011100000000000
00001110000000000011100000000000
00001110000000000011100000000000
00001110000000000011100000000000
00001110000000000011100000000000
00000111111111111011111111110000
00000010111111111111111111110000
00000000111111111111111111110000
00000000000000000011100000000000
00000000000000000011100000000000
00000000000000000011100000000000
00000000000000000011100000000000
00000000000000000011100000000000
00000000000000000011100000000000
00000000000000000011100000000000
00000000000000000011100000000000
00000000000000000011100000000000
00000000000000000011100000000000
00000000000000000011100000000000
