00000000000000000011100000000000
00000000000000000011000000000000
00000010000000000001000000000000
00001110000000000111000000000000
00000110000000000111000000000000
00001110000000000111000000000000
00001110000000000111000000000000
00001110000000000111000000000000
00001110000000000111000000000000
00001110000000000111000000000000
00001110000000000111000000000000
00001110000000000111000000000000
00001111000000000111000000000000
00000111111000000111000000000000
00000001111111111111000000000000
00000000111111111111111111100000
00000000000111111111111111100000
00000000000000000111101111100000
00000000000000000111000000000000
00000000000000000111000000000000
00000000000000000111000000000000
00000000000000000111000000000000
00000000000000000111000000000000
00000000000000000111000000000000
00000000000000000111000000000000
00000000000000000111000000000000
00000000000000000111000000000000
00000000000000000111000000000000
00000000000000000111000000000000
00000000000000000111000000000000
00000000000000000111000000000000
00000000000000000111000000000000
