00000000000000011100000000000000
00000011100000011100000000000000
00000011100000011100000000000000
00000011100000011100000000000000
00000011100000011100000000000000
00000011100000011100000000000000
00000011100000011100000000000000
00000011100000011100000000000000
00000011100000011100000000000000
00000011100000011100000000000000
00000011100000011100000000000000
00000011100000011100000000000000
00000011100000011100000000000000
00000011100000011100000000000000
00000011111000011100000000000000
00000000111111111111111111000000
00000000111111111111111110000000
00000000000000011100000000000000
00000000000000011100000000000000
00000000000000011100000000000000
00000000000000011100000000000000
00000000000000011100000000000000
00000000000000011100000000000000
00000000000000011100000000000000
00000000000000011100000000000000
00000000000000011100000000000000
00000000000000011100000000000000
00000000000000011100000000000000
00000000000000011100000000000000
00000000000000011100000000000000
00000000000000011100000000000000
00000000000000011100000000000000
