00000000000000000011000000000000
00000000000000000011000000000000
00000011100000000011000000000000
00000001000000000001000000000000
00000111000000000011000000000000
00000111000000000111000000000000
00001110000000000111000000000000
00001110000000000111000000000000
00011100000000000111000000000000
00011000000000000111000000000000
00011000000000000111000000000000
00111000000000000111000000000000
00110000000000000111000000000000
00111000000000000111000000000000
00111000000000000111000000000000
00111000000000000111000000001100
00011000000000000111000000011000
00111000000000000111000111111000
00011100000000000110111111110000
00011111111111111111111110000000
00000111111111111111111000000000
00000001111111111110000000000000
00000000000000001110000000000000
00000000000000001110000000000000
00000000000000001110000000000000
00000000000000001110000000000000
00000000000000001110000000000000
00000000000000001110000000000000
00000000000000001110000000000000
00000000000000001110000000000000
00000000000000001110000000000000
00000000000000001110000000000000
