00000000000000000000000000000000
00011000000000000000000000000000
00001100000000000000001110000000
00011100000000000000001110000000
00011100000000000000001110000000
00011100000000000000001110000000
00011100000000000000001110000000
00011100000000000000001110000000
00011100000000000000001110000000
00011100000000000000001110000000
00011100000000000000001110000000
00011100000000000000001110000000
00011100000000000000001110000000
00011100000000000000001110000000
00001110000000000000001110000000
00001110000000000000001110000000
00001110000000000000001110000000
00000111000000000000001110000000
00000010100000000000001110000000
00000011011111111000001110011000
00000000011111111111111111111000
00000000001111111111111111111000
00000000000000000000001110000000
00000000000000000000001110000000
00000000000000000000001110000000
00000000000000000000001110000000
00000000000000000000001110000000
00000000000000000000001110000000
00000000000000000000001110000000
00000000000000000000001110000000
00000000000000000000001110000000
00000000000000000000001110000000
