00000000000000000000011100000000
00000000000000000000001100000000
00000000000000000000011100000000
00000110000000000000011100000000
00000111000000000000011100000000
00000110000000000000011100000000
00001110000000000000011100000000
00001110000000000000011000000000
00001110000000000000111000000000
00001110000000000000111000000000
00001110000000000000111000000000
00011100000000000000111000000000
00011100000000000000111000000000
00011100000000000000111000000000
00011100000000000000111000000000
00011100000000000000111000000000
00011100000000000000111000000000
00000001111111111111111111111000
00000111111111111111111111111000
00000001111111111111111111111000
00000000000000000000111000000000
00000000000000000000111000000000
00000000000000000000111000000000
00000000000000000000111000000000
00000000000000000000111000000000
00000000000000000000111000000000
00000000000000000000111000000000
00000000000000000000111000000000
00000000000000000000111000000000
00000000000000000000111000000000
00000000000000000000111000000000
00000000000000000000111000000000
