00000100000000000000011000000000
00000100000000000000011100000000
00011100000000000000011100000000
00001100000000000000011100000000
00001100000000000000011000000000
00001100000000000000111000000000
00001100000000000000011000000000
00000110000000000000111000000000
00001110000000000000110000000000
00001100000000000000111000000000
00001110000000000000111000000000
00000100000000000000110000000000
00001100000000000000110000000000
00001110000000000000110000000000
00000110000000000000110000000000
00000110000000000000110000000000
00000011000000000000110000000000
00000111000000000000110000010000
00000010111111111111110111100000
00000011111111111111111110111000
00000000111111111111111111000000
00000000000000000001110000000000
00000000000000000001110000000000
00000000000000000001110000000000
00000000000000000001110000000000
00000000000000000001110000000000
00000000000000000001110000000000
00000000000000000001110000000000
00000000000000000000110000000000
00000000000000000001110000000000
00000000000000000001110000000000
00000000000000000001110000000000
