00000000000000000000111000000000
00000011000000000000111000000000
00000111000000000000111000000000
00001111000000000000111000000000
00011110000000000000111000000000
00111100000000000000111000000000
00010000000000000000111000000000
00011000000000000000111000000000
01100000000000000000111000000000
01110000000000000000111000000000
01110000000000000000111000000000
01110000000000000000111000000000
01110000000000000000111000000000
01110000000000000000111000000000
01110000000000000000111000000000
00111000000000000000111000001100
00101100000000000000111000101100
00011100000000000000111011111100
00001110000000000000111111100000
00000111000000000011111111000000
00000010111111111111111100000000
00000011111111111011111000000000
00000000111111111100111000000000
00000000000000000000111000000000
00000000000000000000111000000000
00000000000000000000111000000000
00000000000000000000111000000000
00000000000000000000111000000000
00000000000000000000111000000000
00000000000000000000111000000000
00000000000000000000111000000000
00000000000000000000111000000000
