00000010000000000000000001100000
00000111000000000000000001110000
00000111000000000000000001000000
00000110000000000000000001100000
00001110000000000000000011100000
00001110000000000000000011100000
00011100000000000000000011100000
00011100000000000000000011100000
00011100000000000000000011000000
00011100000000000000000110000000
00011100000000000000000111000000
00011100000000000000000111000000
00011100000000000000000111000000
00001110000000000000000111100000
00001110000000000000000111110000
00000111000000000000011111111000
00000111111111111111111111100000
00000010111111111111111111000000
00000000111111111111000111000000
00000000000000000000000111000000
00000000000000000000000111000000
00000000000000000000000111000000
00000000000000000000000111000000
00000000000000000000000111000000
00000000000000000000000111000000
00000000000000000000000111000000
00000000000000000000000111000000
00000000000000000000000111000000
00000000000000000000000100000000
00000000000000000000000111000000
00000000000000000000000111000000
00000000000000000000000111000000
