00000000000000000000001100000000
00000001110000000000000100000000
00000001110000000000011100000000
00000001100000000000011100000000
00000011100000000000011100000000
00000011100000000000011100000000
00000011100000000000011100000000
00000111000000000000011100000000
00000111000000000000011100000000
00000111000000000000011100000000
00000111000000000000011100000000
00000111000000000000011100000000
00000111000000000000011100000000
00000111000000000000011101000000
00000111000000000111111111100000
00000001100001111111011101000000
00000011111111111110011100000000
00000000011111110000011100000000
00000000001100000000011100000000
00000000000000000000011100000000
00000000000000000000011100000000
00000000000000000000011100000000
00000000000000000000011100000000
00000000000000000000011100000000
00000000000000000000011100000000
00000000000000000000011100000000
00000000000000000000011100000000
00000000000000000000011100000000
00000000000000000000011100000000
00000000000000000000011100000000
00000000000000000000011100000000
00000000000000000000011100000000
