00000000000000001100000000000000
00000000000000001110000000000000
00000000000000001110000000000000
00000001110000001110000000000000
00000001110000001110000000000000
00000001110000001110000000000000
00000001100000001110000000000000
00000001100000001110000000000000
00000001100000001110000000000000
00000011100000001110000000000000
00000011100000001110000000000000
00000011100000001110000000000000
00000011100000001110000000000000
00000011100000001110000000000000
00000011100000001110000000000000
00000011100000001110000000000000
00000001100000001110001101000000
00000001100000001111111111000000
00000000110000011111110100000000
00000001011111111111000000000000
00000000111111111110000000000000
00000000000000001110000000000000
00000000000000001110000000000000
00000000000000001110000000000000
00000000000000001110000000000000
00000000000000001110000000000000
00000000000000001110000000000000
00000000000000001110000000000000
00000000000000001110000000000000
00000000000000001110000000000000
00000000000000001110000000000000
00000000000000001110000000000000
