00000000000000000000000000000000
00000000000000000110000000000000
00000000000000000011000000000000
00000011000000000111000000000000
00000011000000000111000000000000
00000011000000000110000000000000
00000011000000000110000000000000
00000011000000001110000000000000
00000011000000000110000000000000
00000011000000001110000000000000
00000011000000001100000000000000
00000011000000001110000000000000
00000011000000001110000000000000
00000011000000001110000000000000
00000011000000001110000000000000
00000011100000001110000000000000
00000011000000001110000000000000
00000001100000001110000000000000
00000011100000001110000000000000
00000001100000001110000000000000
00000001111111111111111111000000
00000001011111111111111111000000
00000000000000001110000000000000
00000000000000001110000000000000
00000000000000001110000000000000
00000000000000001110000000000000
00000000000000001110000000000000
00000000000000001110000000000000
00000000000000001110000000000000
00000000000000001100000000000000
00000000000000001100000000000000
00000000000000001100000000000000
