00000000000000001110000000000000
00000000000000001110000000000000
00000000000000001110000000000000
00000011100000001110000000000000
00000011100000001110000000000000
00000011100000001110000000000000
00000011100000001110000000000000
00000011100000001110000000000000
00000011100000001110000000000000
00000011100000001110000000000000
00000011100000001110000000000000
00000011100000001110000000000000
00000011100000001110000000000000
00000011100000001110000000000000
00000011100000001110000000000000
00000011100000001110000000000000
00000011111111111111111111000000
00000001111111111111111111000000
00000000111111111111111111000000
00000000000000001110000000000000
00000000000000001110000000000000
00000000000000001110000000000000
00000000000000001110000000000000
00000000000000001110000000000000
00000000000000001110000000000000
00000000000000001110000000000000
00000000000000001110000000000000
00000000000000001110000000000000
00000000000000001110000000000000
00000000000000001110000000000000
00000000000000001110000000000000
00000000000000001110000000000000
