00000000000000000011100000000000
00000000000000000011100000000000
00000000000000000011100000000000
00000000000111000011100000000000
00000000000111000011100000000000
00000000001110000011100000000000
00000000001110000011100000000000
00000000011100000011100000000000
00000000011100000011100000000000
00000000111100000011100000000000
00000000111000000011100000000000
00000001110000000011100000000000
00000001110000000011100000000000
00000001110000000011100000000000
00000001100000000011100000000000
00000011100000000011100000000000
00000011100000000011111000000000
00000001111011111111111100000000
00000001111111111111111100000000
00000000011111111111110000000000
00000000000000000011100000000000
00000000000000000011100000000000
00000000000000000011100000000000
00000000000000000011100000000000
00000000000000000011100000000000
00000000000000000011100000000000
00000000000000000001100000000000
00000000000000000011100000000000
00000000000000000011110000000000
00000000000000000001110000000000
00000000000000000001110000000000
00000000000000000001110000000000
