00000000000000000000110000000000
00001110000000000000110000000000
00001110000000000000110000000000
00001110000000000001110000000000
00001110000000000001110000000000
00001110000000000001110000000000
00001110000000000001110000000000
00001110000000000001110000000000
00001110000000000001110000000000
00000110000000000001110000000000
00000111000000000001110000000000
00000011100000000001110000000000
00000001110000000001110000000000
00000000111000000001110000010000
00000000111111111111111100110000
00000000001011111111111110110000
00000000000001111111111110000000
00000000000000000001110000000000
00000000000000000001110000000000
00000000000000000001110000000000
00000000000000000001110000000000
00000000000000000001110000000000
00000000000000000001110000000000
00000000000000000001110000000000
00000000000000000001110000000000
00000000000000000001110000000000
00000000000000000001110000000000
00000000000000000001110000000000
00000000000000000001110000000000
00000000000000000001110000000000
00000000000000000001110000000000
00000000000000000001110000000000
