00000000000000000011000000000000
00000000000000000011000000000000
00000000000000000011000000000000
00000000000000000011000000000000
00000000000000000011000000000000
00000000000000000011000000000000
00000001000000000011000000000000
00000011000000000011000000000000
00000101000000000011000000000000
00000110000000000011000000000000
00001110000000000011000000000000
00001110000000000011000000000000
00001110000000000011000000000000
00000110000000000011000000000000
00000111000000000011100000000000
00000111100000000001100001100000
00000011110100000001111111100000
00000000111111111111111111100000
00000000000011111111111110000000
00000000000000000001100000000000
00000000000000000001100000000000
00000000000000000001100000000000
00000000000000000001110000000000
00000000000000000001110000000000
00000000000000000001110000000000
00000000000000000001110000000000
00000000000000000000110000000000
00000000000000000000100000000000
00000000000000000000110000000000
00000000000000000000111000000000
00000000000000000000111000000000
00000000000000000000111000000000
