00000000000000000111000000000000
00000000000000000111000000000000
00000000000000000111000000000000
00000000000000000111000000000000
00000001110000000111000000000000
00000001110000000111000000000000
00000001110000000111000000000000
00000001110000000111000000000000
00000001110000000111000000000000
00000001110000000111000000000000
00000001110000000111000000000000
00000000110000000111000000000000
00000001110000000111001100000000
00000001110000000111011100000000
00000001111111111111111110000000
00000011111111111111110000000000
00000001111111111111000000000000
00000000000000000111000000000000
00000000000000000111000000000000
00000000000000000111000000000000
00000000000000000111000000000000
00000000000000000111000000000000
00000000000000000111000000000000
00000000000000000111000000000000
00000000000000000111000000000000
00000000000000000111000000000000
00000000000000000111000000000000
00000000000000000111000000000000
00000000000000000111000000000000
00000000000000000000000000000000
00000000000000000011100000000000
00000000000000000011100000000000
