00000000000000000000000000000000
00000011000000000111000000000000
00000011100000000111000000000000
00000011100000000111000000000000
00000011100000000111000000000000
00000011100000000111000000000000
00000011000000000111000000000000
00000011000000000111000000000000
00000011000000000111000000000000
00000011000000000111000000000000
00000011000000000111000000000000
00000011000000000111000000000000
00000011000000000111000000000000
00000011000000000111000000000000
00000011000000000111000000000000
00000011100000000111000000000000
00000011100000000111000000000000
00000001111111111111111111100000
00000000011111111111111111100000
00000000000000000111111111100000
00000000000000000111000000000000
00000000000000000111000000000000
00000000000000000111000000000000
00000000000000000111000000000000
00000000000000000111000000000000
00000000000000000111000000000000
00000000000000000111000000000000
00000000000000000111000000000000
00000000000000000111000000000000
00000000000000000111000000000000
00000000000000000111000000000000
00000000000000000111000000000000
