00000000000000000000000000000000
00000000000000000000000000000000
00000000000000000000000000000000
11100000000000000011100000000000
11100000000000000011100000000000
11100000000000000011100000000000
11100000000000000011100000000000
11100000000000000011100000000000
11100000000000000011100000000000
01100000000000000011100000000000
00110000000000000011100000000000
01110000000000000011100000000000
00111000000000000011100000000000
00111000000000000011100000000000
00011100000000000011100000000000
00011110000000000011100000000000
00001110000000000011100000000000
00000111100000000011100000000000
00000001111110000011100000000000
00000001111111111111111111111111
00000000011111111111111111111111
00000000000000000011111111111111
00000000000000000011100000000000
00000000000000000011100000000000
00000000000000000011100000000000
00000000000000000011100000000000
00000000000000000010000000000000
00000000000000000011000000000000
00000000000000000011000000000000
00000000000000000000000000000000
00000000000000000000000000000000
00000000000000000000000000000000
