00001110000000000111000000000000
00001110000000000111000000000000
00001110000000000111000000000000
00001110000000000111000000000000
00001110000000000111000000000000
00001110000000000111000000000000
00001110000000000111000000000000
00001110000000000111000000000000
00001110000000000111000000000000
00001110000000000111000000000000
00001110000000000111000000000000
00001110000000000111000000000000
00001110000000000111000000000000
00000110000000000111000000000000
00001110000000000111000000000000
00001110000000000111000000000000
00000111000000000111000000000000
00000111000000000111000000000000
00000011111111111111111111110000
00000010111111111111111111110000
00000000111111111111111111110000
00000000000000000111000000000000
00000000000000000111000000000000
00000000000000000111000000000000
00000000000000000111000000000000
00000000000000000111000000000000
00000000000000000111000000000000
00000000000000000111000000000000
00000000000000000111000000000000
00000000000000000111000000000000
00000000000000000111000000000000
00000000000000000111000000000000
