00000000000000000000111000000000
00000000000000000000111000000000
00000000000000000000111000000000
00000000000000000000111000000000
00010000000000000000111000000000
00111000000000000000111000000000
00111000000000000000111000000000
00111000000000000000111000000000
00111000000000000000111000000000
00111000000000000000111000000000
00111000000000000000111000000000
00111000000000000000111000000000
00111000000000000000111000000000
00111000000000000000111000000000
00111000000000000000111000000000
00111000000000000000111000000000
00111000000000000000111000000000
00111000000000000000111000000000
00111111000000000000111000000000
00001111110111111110111000000000
00001111111111111111111111111100
00000000001101111111111111110000
00000000000000000000111000000000
00000000000000000000111000000000
00000000000000000000111000000000
00000000000000000000111000000000
00000000000000000000100000000000
00000000000000000000110000000000
00000000000000000000110000000000
00000000000000000000110000000000
00000000000000000000110000000000
00000000000000000000000000000000
