00000000000000000000000000000000
00000000001000000000000000000000
00000000111000000000000000000000
00000000111000000000111000000000
00000001110000000000111000000000
00000001110000000000111000000000
00000011100000000000110000000000
00000011100000000001110000000000
00000011100000000001110000000000
00000011100000000001110000000000
00000011100000000001110000000000
00000011100000000001110000000000
00000011100000000001110000000000
00000001100000000001100000000000
00000001110000000001100000000000
00000000111000000011100000000000
00000000111110000011100000000000
00000000011111111011100000000000
00000000000111111111111111000000
00000000000011111111111111000000
00000000000000000011100000000000
00000000000000000011100000000000
00000000000000000011100000000000
00000000000000000011100000000000
00000000000000000011100000000000
00000000000000000011100000000000
00000000000000000011100000000000
00000000000000000011100000000000
00000000000000000011100000000000
00000000000000000011100000000000
00000000000000000011100000000000
00000000000000000011100000000000
