00000000000000000011000000000000
00000000000000000011000000000000
00000001000000000110000000000000
00000101000000000111000000000000
00000111000000000111000000000000
00000110000000000111000000000000
00001110000000000110000000000000
00001110000000000110000000000000
00001110000000001110000000000000
00001110000000001110000000000000
00001110000000001110000000000000
00000110000000001110000000000000
00000010000000001110000000000000
00000111000000001110000000000000
00000111100000001110000000000000
00000011110000001110000000100000
00000001111111111111111111100000
00000000011111111111111111110000
00000000000111111111111010000000
00000000000000001110000000000000
00000000000000001110000000000000
00000000000000001110000000000000
00000000000000001110000000000000
00000000000000001110000000000000
00000000000000001110000000000000
00000000000000001110000000000000
00000000000000001110000000000000
00000000000000001110000000000000
00000000000000001110000000000000
00000000000000001110000000000000
00000000000000001110000000000000
00000000000000001110000000000000
