00000000000000000000000000000000
00011000000000000110000000000000
00111000000000000110000000000000
00011000000000000110000000000000
00011100000000000110000000000000
00011100000000000110000000000000
00011100000000000110000000000000
00011100000000000110000000000000
00011100000000000110000000000000
00001100000000000110000000000000
00001100000000000110000000000000
00001100000000000110000000000000
00001100000000000110000000000000
00001100000000000110000000000000
00001100000000000110000000000000
00001100000000000110000000000000
00001100000000000110000000001000
00001100000000000110000000011000
00001100000000000110000001110000
00001100000000000110001111110000
00000100000000000111111111100000
00001110000000011111111100000000
00000100000011111111100000000000
00000111111111111110000000000000
00000011111111000110000000000000
00000000000000000110000000000000
00000000000000000110000000000000
00000000000000000110000000000000
00000000000000000110000000000000
00000000000000000110000000000000
00000000000000000110000000000000
00000000000000000110000000000000
