00000000000000000000000100000000
00000110000000000000001110000000
00001110000000000000001110000000
00001110000000000000001100000000
00001110000000000000001110000000
00000011000000000000011100000000
00000101000000000000011100000000
00000111000000000000011100000000
00000111000000000000011100000000
00000011100000000000111100000000
00000011100000000000111000000000
00000011000000000000011000000000
00000011110000000000111000000000
00000001110000000000111000000000
00000001110000000000111000000000
00000001111000000000111010100000
00000000011000000001111110100000
00000000101111111111111111000000
00000000011111111111111110000000
00000000000111111111110000000000
00000000000000000001110000000000
00000000000000000001110000000000
00000000000000000001110000000000
00000000000000000001110000000000
00000000000000000001110000000000
00000000000000000001100000000000
00000000000000000001100000000000
00000000000000000001100000000000
00000000000000000001100000000000
00000000000000000001100000000000
00000000000000000001100000000000
00000000000000000001100000000000
