00000000000000001110000000000000
00000000000000001110000000000000
00000000001000001110000000000000
00000000011000001110000000000000
00000000111000001110000000000000
00000000111000001110000000000000
00000000111000001110000000000000
00000000111000001110000000000000
00000000111000001110000000000000
00000000111000001110000000000000
00000000111000001110000000000000
00000000111000001110000000000000
00000000111000001110000000000000
00000000111000001110000000000000
00000000111000001110000000000000
00000000111000001110000000000000
00000000111000001110000000000000
00000000111000001110000000000000
00000001111111111111111000000000
00000000011111111111111100000000
00000000011111111111110000000000
00000000000000001110000000000000
00000000000000001110000000000000
00000000000000001110000000000000
00000000000000001110000000000000
00000000000000001110000000000000
00000000000000001110000000000000
00000000000000001110000000000000
00000000000000001110000000000000
00000000000000001110000000000000
00000000000000001110000000000000
00000000000000001110000000000000
