00000000000000000001110000000000
00000000000000000001110000000000
00000000000000000001110000000000
00000000011100000001110000000000
00000000011100000001110000000000
00000000011100000001110000000000
00000000011100000001100000000000
00000000011100000001110000000000
00000000011000000001110000000000
00000000011000000001110000000000
00000000111000000001110000000000
00000000111000000001110000000000
00000000111000000001110000000000
00000000111000000001110000000000
00000001111000000001110000000000
00000001110000000001110000000000
00000001110000000001110000000000
00000001110000000001110000000000
00000000010000000001110000000000
00000011111111111111111111000000
00000000111111111111111111000000
00000000001111111111111111000000
00000000000000000001110000000000
00000000000000000001110000000000
00000000000000000001110000000000
00000000000000000001110000000000
00000000000000000001110000000000
00000000000000000001110000000000
00000000000000000001110000000000
00000000000000000001110000000000
00000000000000000001110000000000
00000000000000000000000000000000
