00000000000000000001000000000000
00000000000000000011100000000000
00000000000000000011100000000000
00000000001000000011100000000000
00000000111000000011100000000000
00000000011000000011100000000000
00000000111000000011000000000000
00000001110000000111000000000000
00000001110000000111000000000000
00000011110000000111000000000000
00000011100000000111000000000000
00000011100000000111000000000000
00000011100000000111000000000000
00000000110000000111000000000000
00000001111000000111011100000000
00000001011111111111111100000000
00000000111111111111111110000000
00000000001111111111110000000000
00000000000000000111000000000000
00000000000000000111000000000000
00000000000000000111000000000000
00000000000000000111000000000000
00000000000000000111000000000000
00000000000000000111000000000000
00000000000000000111000000000000
00000000000000000111000000000000
00000000000000000111000000000000
00000000000000000111000000000000
00000000000000000111000000000000
00000000000000000111000000000000
00000000000000000111000000000000
00000000000000000111000000000000
