00000000000000000110000000000000
00000000000000000110000000000000
00000000000000000110000000000000
00000000000000000110000000000000
00000000000000000110000000000000
00000000000000000110000000000000
00000001110000000110000000000000
00000001110000000110000000000000
00000001110000000110000000000000
00000001110000000110000000000000
00000001110000000111011100000000
00000000110100011110111100000000
00000000011011111111111100000000
00000000001011111110000000000000
00000000000000000110000000000000
00000000000000000110000000000000
00000000000000000010000000000000
00000000000000000111000000000000
00000000000000000111000000000000
00000000000000000111000000000000
00000000000000000111000000000000
00000000000000000111000000000000
00000000000000000010000000000000
00000000000000000011000000000000
00000000000000000011100000000000
00000000000000000011100000000000
00000000000000000011100000000000
00000000000000000011100000000000
00000000000000000011100000000000
00000000000000000000100000000000
00000000000000000011100000000000
00000000000000000011100000000000
