00000000000000000111000000000000
00000000000000000111000000000000
11100000000000000111000000000000
11100000000000000111000000000000
11100000000000000111000000000000
11100000000000000111000000000000
11100000000000000110000000000000
11100000000000000110000000000000
11100000000000000110000000000000
11100000000000000110000000000000
11100000000000000110000000000000
11100000000000000110000000000000
11100000000000000110000000000000
11100000000000000110000000000000
11100000000000000110000000000000
11100000000000000110000000000000
11100000000000000110000000000000
01100000000000001111000000111110
01111111111101101111111111111110
00111111111111111111111111111110
00001111111111000110000000000000
00000000000000000110000000000000
00000000000000000110000000000000
00000000000000000110000000000000
00000000000000000110000000000000
00000000000000000110000000000000
00000000000000000110000000000000
00000000000000000110000000000000
00000000000000000110000000000000
00000000000000000110000000000000
00000000000000000110000000000000
00000000000000000110000000000000
