11100000000000000000000000000000
11100000000001110000000000000000
11100000000001110000000000000000
11100000000001110000000000000000
11100000000001110000000000000000
11100000000001110000000000000000
11100000000001110000000000000000
11100000000001110000000000000000
11100000000001110000000000000000
11100000000001110000000000000000
11100000000001110000000000000000
11100000000001110000000000000000
11100000000001110000000000000000
11100000000001110000000000000000
11100000000001110000000000000000
11000000000001110000000000000000
11100000000001110000000000000000
11100000000001110000000000111110
11110000000001110001111111111110
00100000000001111111111111111010
01111111111111111111111111100000
01011111111111111111000000000000
00011111111011110000000000000000
00000000000001110000000000000000
00000000000001110000000000000000
00000000000001110000000000000000
00000000000001110000000000000000
00000000000001110000000000000000
00000000000001110000000000000000
00000000000001110000000000000000
00000000000001110000000000000000
00000000000001110000000000000000
