00000000000010000000000000000000
00000000001110000000000000000000
00000000011110000000011110000000
00000000011100000000011100000000
00000000111100000000011100000000
00000001111000000000111100000000
00000001111000000000111100000000
00000001110000000000111000000000
00000011110000000001111000000000
00000011100000000000111000000000
00000011100000000001110000000000
00000111100000000001110000000000
00000110000000000011010000000000
00001110000000000011100000000000
00001111000000000111100000000000
00001100000000000111100000000000
00001110000000000111000000000000
00011111110000001111000000000000
00000111111110100111000000000000
00001010111111111111111111100000
00000000111111111111111111100000
00000000000000111111111111100000
00000000000000011110000000000000
00000000000000011100000000000000
00000000000000011100000000000000
00000000000000011100000000000000
00000000000000011100000000000000
00000000000000011100000000000000
00000000000000011100000000000000
00000000000000011100000000000000
00000000000000011100000000000000
00000000000000011100000000000000
