00000000000000000011100000000000
00000000000000000001100000000000
00000000110000000011100000000000
00000000111000000011100000000000
00000001111000000011100000000000
00000001110000000010000000000000
00000001100000000111100000000000
00000011100000000111000000000000
00000011000000000111000000000000
00000001100000000111000000000000
00000111100000000111000000000000
00000111000000000111000000000000
00000111000000000111000000000000
00000111000000001110000000000000
00000111000000001110000000000000
00000111000000000110000000000000
00000111000000001110000000000000
00000111100000001110000000100000
00000111111111111111111111100000
00000000111111111111111111100000
00000000111101111111111111000000
00000000000000011110000000000000
00000000000000011110000000000000
00000000000000011100000000000000
00000000000000011100000000000000
00000000000000011100000000000000
00000000000000011100000000000000
00000000000000011100000000000000
00000000000000011100000000000000
00000000000000011100000000000000
00000000000000011100000000000000
00000000000000011100000000000000
