00000000000000000011100000000000
00001110000000000011100000000000
00001110000000000011000000000000
00001110000000000111000000000000
00001110000000000111000000000000
00001110000000000111000000000000
00001110000000000110000000000000
00001110000000000111000000000000
00001110000000000011000000000000
00001110000000000111000000000000
00001110000000000111000000000000
00001110000000000111000000000000
00001110000000000111000000000000
00001110000000000111000000000000
00001110000000000111000000000000
00001111000000000111000000000000
00000011000000000111000000000000
00000111111111111111111111110000
00000011111111111111111111110000
00000000111111111111111111110000
00000000000000000111000000000000
00000000000000000111000000000000
00000000000000000111000000000000
00000000000000000111000000000000
00000000000000000111000000000000
00000000000000000111000000000000
00000000000000000111000000000000
00000000000000000111000000000000
00000000000000000111000000000000
00000000000000000111000000000000
00000000000000000111000000000000
00000000000000000111000000000000
