00000000001000000011100000000000
00000000010000000011100000000000
00000000011100000011000000000000
00000000011100000011100000000000
00000000111000000011100000000000
00000000110000000011100000000000
00000001011000000011100000000000
00000001110000000111100000000000
00000001110000000111000000000000
00000001110000000111000000000000
00000011110000000111000000000000
00000011000000000111000000000000
00000011100000000111000000000000
00000111000000001110000000000000
00000111000000001110000000000000
00000011100000001110000000000000
00000111110110001110000000000000
00000011111111111111000000000000
00000000111111111111111111000000
00000000000010111111111111000000
00000000000000000100111111000000
00000000000000011100000000000000
00000000000000011100000000000000
00000000000000011100000000000000
00000000000000011100000000000000
00000000000000011100000000000000
00000000000000001100000000000000
00000000000000011100000000000000
00000000000000011100000000000000
00000000000000011100000000000000
00000000000000011100000000000000
00000000000000001100000000000000
