00000000011100000000000000000000
00000000111100000000000000000000
00000000111000000000000000000000
00000000111000000001000000000000
00000000011000000001110000000000
00000000111000000001110000000000
00000000111000000001100000000000
00000000111000000011100000000000
00000001110000000011100000000000
00000000010000000011100000000000
00000001110000000011100000000000
00000001110000000011100000000000
00000001110000000011100000000000
00000001110000000011100000000000
00000001110000000011100000000000
00000001110000000011100000000000
00000001110000000011100000000000
00000001110000000011100000000000
00000001110000000011100000000000
00000001110000000011100000000000
00000001110000000011100000000000
00000001110000000011100000000000
00000001111111111111111110000000
00000001011111111111111110000000
00000000011111111111111110000000
00000000000000000011100000000000
00000000000000000011100000000000
00000000000000000011100000000000
00000000000000000011100000000000
00000000000000000011100000000000
00000000000000000011100000000000
00000000000000000011100000000000
