00000000000000000001100000000000
00000000000000000001100000000000
00000000000000000001100000000000
00000001110000000001100000000000
00000001110000000001100000000000
00000011110000000001100000000000
00000011100000000001100000000000
00000011000000000001100000000000
00000011100000000001100000000000
00000111100000000001100000000000
00000111000000000001100000000000
00000111000000000001100000000000
00000111000000000001100000000000
00000111000000000001100000000000
00000110000000000001100000000000
00000111000000000001100000000000
00000111000000000001100000000000
00000111000000000001100000000000
00000111000000000001100010000000
00000111111111111111111111000000
00000011111111111111111111100000
00000011011111111111111010000000
00000000000000000001100000000000
00000000000000000001100000000000
00000000000000000001100000000000
00000000000000000001100000000000
00000000000000000001110000000000
00000000000000000001110000000000
00000000000000000001110000000000
00000000000000000001110000000000
00000000000000000001110000000000
00000000000000000001110000000000
