00000001000000000000000000000000
00000011100000000000000000000000
00000011100000000000000000000000
00000011100000000000111000000000
00000011100000000000111000000000
00000011100000000000111000000000
00000011100000000000111000000000
00000011100000000000111000000000
00000011100000000000011000000000
00000011100000000000111000000000
00000011100000000000111000000000
00000011100000000000111000000000
00000011100000000000111000000000
00000011100000000001110000000000
00000011100000000001110000000000
00000011100000000000110000000000
00000011100000000001110000000000
00000011100000000001110000000000
00000011100000000001110000000000
00000011100000000001100000000000
00000011100000000011111000000000
00000001011111111111111110000000
00000001111111111111111100000000
00000000101111111111100000000000
00000000000000000111000000000000
00000000000000000111000000000000
00000000000000000001000000000000
00000000000000000111000000000000
00000000000000000111000000000000
00000000000000000011000000000000
00000000000000000110000000000000
00000000000000000110000000000000
