00000000000000000000000000000000
00000000000000000000011110000000
00110000000000000000011000000000
11110000000000000000010110000000
01110000000000000000011110000000
01111000000000000000011110000000
01010000000000000000011100000000
00111000000000000000011100000000
00011000000000000000111100000000
00111100000000000000111100000000
00111100000000000000111100000000
00011110000000000000111100000000
00001110000000000000111000000000
00001111000000000000111000000000
00001011110000000001111000000000
00000110001111111111111111111100
00000011011111111111111111111111
00000000011111111111111111111100
00000000000000000011110000000000
00000000000000000011110000000000
00000000000000000011100000000000
00000000000000000011100000000000
00000000000000000001100000000000
00000000000000000011100000000000
00000000000000000111100000000000
00000000000000000001100000000000
00000000000000000111100000000000
00000000000000000111000000000000
00000000000000000111000000000000
00000000000000000000000000000000
00000000000000000000000000000000
00000000000000000000000000000000
