00000011000000000000000000000000
00000011000000000000000000000000
00000011000000000000000000000000
00000011000000000111000000000000
00000011000000001111000000000000
00000011000000001111000000000000
00000011000000000111000000000000
00000011000000001111000000000000
00000011000000011111000000000000
00000011000000001111000000000000
00000011000000011111000000000000
00000011000000011111000000000000
00000011000000011111000000000000
00000011000000011111000000000000
00000011000000011111000000000000
00000011000000011111000000000000
00000011000000001111000000000000
00000011000000000111111111000000
00000011111111111111111111000000
00000000111111111111111110000000
00000000000000000011001110000000
00000000000000000011001000000000
00000000000000000011000000000000
00000000000000000011000000000000
00000000000000000011000000000000
00000000000000000011000000000000
00000000000000000011000000000000
00000000000000000011000000000000
00000000000000000011000000000000
00000000000000000011000000000000
00000000000000000011000000000000
00000000000000000011000000000000
