00000000000000000111000000000000
00000000000000000111000000000000
00000011100000000111000000000000
00000011100000000111000000000000
00000011100000000111000000000000
00000011100000000111000000000000
00000011100000000111000000000000
00000011100000000111000000000000
00000011100000000111000000000000
00000011100000000111000000000000
00000011100000000111000000000000
00000011100000000111000000000000
00000011100000000111000110000000
00000001011100000111111111000000
00000001111111111111111100000000
00000000111111111111010000000000
00000000000011111111000000000000
00000000000000000111000000000000
00000000000000000111000000000000
00000000000000000111000000000000
00000000000000000111000000000000
00000000000000000111000000000000
00000000000000000111000000000000
00000000000000000111000000000000
00000000000000000111000000000000
00000000000000000111000000000000
00000000000000000111000000000000
00000000000000000111000000000000
00000000000000000111000000000000
00000000000000000111000000000000
00000000000000000111000000000000
00000000000000000111000000000000
