00000000100000000000000000000000
00000000100000000000000000000000
00000011110000000000000000000000
00000111110000000000000000000000
00000011100000000111100000000000
00000111100000000111100000000000
00000111100000000111100000000000
00000111100000000111100000000000
00000111100000000111100000000000
00000111100000000111100000000000
00000111100000000111100000000000
00000001100000000111100000000000
00000111100000000111100000000000
00000101110000000111100000000000
00000011111000000111100000000000
00000011111000001111100011000000
00000001111111111111111111000000
00000001011111111111111111100000
00000000110111111111111111000000
00000000000111111111111100000000
00000000000000001111000000000000
00000000000000001111000000000000
00000000000000001111000000000000
00000000000000001111000000000000
00000000000000001111000000000000
00000000000000001111000000000000
00000000000000001111000000000000
00000000000000001111000000000000
00000000000000001111000000000000
00000000000000001111000000000000
00000000000000001111000000000000
00000000000000001111000000000000
