00000000001000000001100000000000
00000000001100000001110000000000
00000000011100000001110000000000
00000000011100000001100000000000
00000000111000000001000000000000
00000000111000000001100000000000
00000000110000000011100000000000
00000001110000000011100000000000
00000001110000000011100000000000
00000001110000000011000000000000
00000001110000000011000000000000
00000000100000000011000000000000
00000001100000000011000000000000
00000000100000000011000000000000
00000001100000000111000000000000
00000001100000000111000000000000
00000001111111111111110010000000
00000001111111111111111000000000
00000000111111111110000000000000
00000000000000000110000000000000
00000000000000001110000000000000
00000000000000001110000000000000
00000000000000001110000000000000
00000000000000001100000000000000
00000000000000001100000000000000
00000000000000001100000000000000
00000000000000001100000000000000
00000000000000001000000000000000
00000000000000011100000000000000
00000000000000011100000000000000
00000000000000011100000000000000
00000000000000001000000000000000
