00000000010000000000000000000001
00000000111000000000000010000001
00000000111000000000000011000001
00000000110000000000000111000001
00000001110000000000000110000001
00000001110000000000001110000001
00000011100000000000001100000001
00000001100000000000011100000001
00000011100000000000011100000001
00000011100000000000111000000001
00000011000000000000111000000001
00000011000000000000110000000001
00000011000000000001110000000001
00000011000000000001110000000001
00000011000000000011100000000001
00000011111111111111111110000001
00000011111111111111111110000001
00000000111111111111111110000001
00000000000000000111000000000001
00000000000000000110000000000001
00000000000000001110000000000001
00000000000000001110000000000001
00000000000000001100000000000001
00000000000000001100000000000001
00000000000000011100000000000001
00000000000000011100000000000001
00000000000000011100000000000001
00000000000000001000000000000001
00000000000000011000000000000001
00000000000000011000000000000001
00000000000000011000000000000001
00000000000000011000000000000001
