00000000000000000000010000000000
00000000000000000000111000000000
00000000000000000000111000000000
00000001110000000000111000000000
00000001110000000001110000000000
00000001110000000001110000000000
00000001110000000001110000000000
00000001110000000001110000000000
00000001110000000011100000000000
00000001110000000011100000000000
00000001110000000011100000000000
00000001110000000011000000000000
00000001110000000101000000000000
00000001110000000111000000000000
00000001110000000111000000000000
00000000110000001110000000000000
00000000110000001110000000000000
00000000011111111111111110000000
00000000010111111111111110000000
00000000000111111111111110000000
00000000000000011100000000000000
00000000000000011100000000000000
00000000000000011100000000000000
00000000000000011100000000000000
00000000000000011100000000000000
00000000000000011100000000000000
00000000000000011100000000000000
00000000000000111000000000000000
00000000000000111000000000000000
00000000000000111000000000000000
00000000000000111000000000000000
00000000000000111000000000000000
