00000000000000000000000000000000
00000000000000000000011000000000
00000000001100000000111100000000
00000000011100000000111000000000
00000000101100000000110000000000
00000000111000000001110000000000
00000000111000000001110000000000
00000000111000000001100000000000
00000000111000000011100000000000
00000000111000000011100000000000
00000000111000000111100000000000
00000000111000000111000000000000
00000000011100000111000000000000
00000000011100000111000000000000
00000000011110001111000000000000
00000000000110001110000000000000
00000000000111101110000000000000
00000000000011011110001000000000
00000000000001111111111100000000
00000000000000011111111000000000
00000000000000011111111000000000
00000000000000011100000000000000
00000000000000011000000000000000
00000000000000111000000000000000
00000000000000111000000000000000
00000000000000111000000000000000
00000000000000111000000000000000
00000000000000111000000000000000
00000000000000111000000000000000
00000000000000010000000000000000
00000000000000111000000000000000
00000000000000000000000000000000
