00000000000000000000001000000000
00000000000000000000001110000000
00000110000000000000011110000000
00000111000000000000011100000000
00000111000000000000011100000000
00000110000000000000111100000000
00001111000000000000111000000000
00001110000000000000111000000000
00001110000000000000111000000000
00001110000000000000111000000000
00001110000000000001110000000000
00001110000000000001110000000000
00001111000000000001110000000000
00000111000000000001110000000000
00000011000000000001110000000000
00000110111111111111111111110000
00000010111111111111111111110000
00000001011111111111111111110000
00000000000000000011000000000000
00000000000000000011100000000000
00000000000000000011100000000000
00000000000000000011100000000000
00000000000000000011100000000000
00000000000000000011100000000000
00000000000000000011100000000000
00000000000000000011100000000000
00000000000000000011100000000000
00000000000000000011100000000000
00000000000000000011100000000000
00000000000000000011100000000000
00000000000000000000100000000000
00000000000000000000100000000000
