00000011000000000000000000000000
00000011100000000000000000000000
00000010100000000000000000000000
00000111100000000000000000000000
00000011000000001110000000000000
00000111000000001110000000000000
00000111000000001110000000000000
00000111000000001110000000000000
00000111000000001110000000000000
00000111000000001110000000000000
00000111000000001110000000000000
00000111000000001110000000000000
00000111000000001110000000000000
00000111000000001110000000000000
00000111000000001110000000000000
00000111000000001110000000000000
00000111000000001110000000000000
00000110000000001110000000000000
00000111100000001110000000000000
00000011110000001110000000000000
00000001111000001110000000000000
00000000111111111111111111100000
00000000001111111111111111100000
00000000001011111111111111000000
00000000000000001110000000000000
00000000000000001110000000000000
00000000000000001110000000000000
00000000000000001110000000000000
00000000000000001110000000000000
00000000000000001110000000000000
00000000000000001110000000000000
00000000000000001110000000000000
