00000000000001000000000000000000
00000000000001000000000000000000
00000000000011100000000000000000
00000000000010000000000000000000
00000000000111000000000000000000
00000000000110000000000000000000
00000000001110000000000000000000
00000000001010000000000000000000
00000000001100000000000000000000
00000000011100000000000000000000
00000000011000000000000000000000
00000000011000011100000000000000
00000000111000011100000000000000
00000000111000011100000000000000
00000000111000001100000000000000
00000000111000001100000000000000
00000000111000001100000000000000
00000000111000001100000000000000
00000000111111001100000000000000
00000000011111111111111100000000
00000000000111111111111000000000
00000000000000001100000000000000
00000000000000001100000000000000
00000000000000001100000000000000
00000000000000001100000000000000
00000000000000001100000000000000
00000000000000001100000000000000
00000000000000001100000000000000
00000000000000001100000000000000
00000000000000001110000000000000
00000000000000000110000000000000
00000000000000001110000000000000
