00000000000000000000000000000000
00000000000011000000000000000000
00000000000011000000000000000000
00000000000110000000000000000000
00000000000110000000000000000000
00000000001110000000000000000000
00000000001110000000000000000000
00000000001100000000000000000000
00000000011100000000000000000000
00000000011100000000000000000000
00000000011000000011000000000000
00000000011000000001000000000000
00000000110000000110000000000000
00000000111000000111000000000000
00000000110000000111000000000000
00000000010000000111000000000000
00000000110000000111000000000000
00000000110000000110101100000000
00000000110011111111111000000000
00000000111111111111100000000000
00000000101101110110000000000000
00000000000000000110000000000000
00000000000000000110000000000000
00000000000000000110000000000000
00000000000000000110000000000000
00000000000000000110000000000000
00000000000000000110000000000000
00000000000000000110000000000000
00000000000000000110000000000000
00000000000000000110000000000000
00000000000000000110000000000000
00000000000000000111000000000000
