00000000000000010000000000000000
00000000000000111000000000000000
00000000000000111000000000000000
00000000000001111000000000000000
00000000000011110000000000000000
00000000000111100000000000000000
00000000000111100000000000000000
00000000000111000000000000000000
00000000001110000011100000000000
00000000011110000011100000000000
00000000111100000011100000000000
00000000101100000011100000000000
00000000101000000011100000000000
00000001110000000011100000000000
00000001110000000011100000000000
00000001110000000011100000000000
00000001110000000011100000000000
00000000111100000011101110000000
00000000001101111111111110000000
00000000001001111111101110000000
00000000000011111111100000000000
00000000000000000011100000000000
00000000000000000111000000000000
00000000000000000111000000000000
00000000000000000111000000000000
00000000000000000111000000000000
00000000000000000111000000000000
00000000000000000111000000000000
00000000000000000111000000000000
00000000000000000111000000000000
00000000000000000111000000000000
00000000000000000111000000000000
