00000000000100000000000000000000
00000000000100000000000000000000
00000000010100000000000000000000
00000000011100000000000000000000
00000000001100000000000000000000
00000000011000000000000000000000
00000000111000000000000000000000
00000000110000000000000000000000
00000000110000000000000000000000
00000000110000000000000000000000
00000001110000000000000000000000
00000001110000000000000000000000
00000001110000000111000000000000
00000001110000000111000000000000
00000001110000000111000000000000
00000001110000000111000000000000
00000001110000000111000000000000
00000000010000000111000000000000
00000000101111000111000000000000
00000000011111111111110000000000
00000000000111111111110000000000
00000000000000000111000000000000
00000000000000000111000000000000
00000000000000000111000000000000
00000000000000000111000000000000
00000000000000000111000000000000
00000000000000000111000000000000
00000000000000000111000000000000
00000000000000000111000000000000
00000000000000000111000000000000
00000000000000000111000000000000
00000000000000000111000000000000
