00000011000000000000000000000000
00000011100000000000000000000000
00000011100000000000000000000000
00000011100000000000000000000000
00000111100000000000000000000000
00000111100000000000000000000000
00000011000000000000000000000000
00000111000000000000000000000000
00000111000000000000000000000000
00000001000000000000000000000000
00000111000000000111000000000000
00000001100000000111000000000000
00000011110000000111000000000000
00000011110000001111000000000000
00000000111000001111000000000000
00000000111110001110000000000000
00000000011101111111111110000000
00000000000111111111111111100000
00000000000010111111111100000000
00000000000000001110000000000000
00000000000000001110000000000000
00000000000000001100000000000000
00000000000000001110000000000000
00000000000000001110000000000000
00000000000000001110000000000000
00000000000000001110000000000000
00000000000000001110000000000000
00000000000000001110000000000000
00000000000000001110000000000000
00000000000000001110000000000000
00000000000000001110000000000000
00000000000000001110000000000000
