00000000011100000000000000000000
00000000111000000000000000000000
00000000011000000000000000000000
00000000111000000000000000000000
00000000100000000000000000000000
00000001110000000000000000000000
00000001110000000000000000000000
00000001110000000000000000000000
00000001100000000000000000000000
00000011100000000000000000000000
00000011100000000000000000000000
00000011100000000111000000000000
00000011100000000111000000000000
00000011100000000111000000000000
00000011100000000111000000000000
00000000110000000111000000000000
00000000110000000111000010000000
00000000111111111111111110000000
00000000011111111111111110000000
00000000000000000111000000000000
00000000000000000111000000000000
00000000000000000111000000000000
00000000000000000111000000000000
00000000000000000111000000000000
00000000000000000111000000000000
00000000000000000111000000000000
00000000000000000111000000000000
00000000000000000111000000000000
00000000000000000111000000000000
00000000000000000111000000000000
00000000000000000111000000000000
00000000000000000111000000000000
