00000011100000000000000000000000
00000011100000000111000000000000
00000011000000000111000000000000
00000111000000000111000000000000
00000111000000000111000000000000
00000111000000000111000000000000
00000111000000000111000000000000
00000111000000000111000000000000
00000111000000000111000000000000
00000111000000000111000000000000
00000111000000000111000000000000
00000111000000000111000000000000
00000111000000000111000000000000
00000111000000000111000000000000
00000111100000000111000000000000
00000001110000000111000000000000
00000001111100000111000000000000
00000000101101111111111111100000
00000000011011111111111111100000
00000000000111111111111111100000
00000000000000000111000000000000
00000000000000000111000000000000
00000000000000000111000000000000
00000000000000000111000000000000
00000000000000000111000000000000
00000000000000000111000000000000
00000000000000000111000000000000
00000000000000000111000000000000
00000000000000000111000000000000
00000000000000000111000000000000
00000000000000000111000000000000
00000000000000000111000000000000
