00000000011100000000000000000000
00000000011100000000000000000000
00000000011100000000000000000000
00000000110100000000000000000000
00000000111000000000000000000000
00000000111000000000000000000000
00000000111000000000000000000000
00000000111000011100000000000000
00000001111000011100000000000000
00000001110000011100000000000000
00000001110000011100000000000000
00000000110000011100000000000000
00000001110000011100000000000000
00000001110000011100000000000000
00000001110000011100000000000000
00000001110000011100000000000000
00000001110000011100000000000000
00000000111000011100000000000000
00000000011111111111111100000000
00000000011111111111111100000000
00000000010111111111111110000000
00000000000000011100000000000000
00000000000000011100000000000000
00000000000000011100000000000000
00000000000000011100000000000000
00000000000000011100000000000000
00000000000000011100000000000000
00000000000000011100000000000000
00000000000000011100000000000000
00000000000000011100000000000000
00000000000000011100000000000000
00000000000000011100000000000000
