00000001000000000000000000000010
00000001100000000000000000000010
00000011100000000000000000000010
00000011100000000000000000000010
00000011000000000000000000000010
00000111000000000000000000000010
00000011000000000000000000000010
00000111000000000001000000000010
00000111000000000111000000000010
00000111000000000111000000000010
00000011000000000111000000000010
00000011100000000111000000000010
00000011110000000110000000000010
00000001110000000110000000000010
00000000111100001110000000000010
00000000011111111111111111000010
00000000000111111111111111000010
00000000000101111111111110100010
00000000000000001110000000000010
00000000000000001110000000000010
00000000000000001110000000000010
00000000000000001110000000000010
00000000000000001110000000000010
00000000000000001110000000000010
00000000000000001110000000000010
00000000000000001110000000000010
00000000000000001110000000000010
00000000000000001110000000000010
00000000000000001110000000000010
00000000000000000110000000000010
00000000000000000111000000000010
00000000000000000010000000000010
