00001111000000000000000000000000
00001111000000000000000000000000
00001111000000000000000000000000
00001111000000000000000000000000
00001111000000000001110000000000
00001111000000000001110000000000
00001110000000000011110000000000
00001110000000000011110000000000
00011110000000000011110000000000
00011110000000000111100000000000
00011110000000000111100000000000
00001110000000000111100000000000
00011100000000000111100000000000
00011100000000000111100000000000
00011100000000000111100000000000
00111100000000001111000000000000
00111100000000001111000000000000
00111100000000001111000000110000
00111100000000001111000110110000
00011000000000001111111111110000
00001111111111111111111111110000
00010111111111111111111111000000
00001011111111111111110000000000
00000011111111111111000000000000
00000000000000001111000000000000
00000000000000001111000000000000
00000000000000001111000000000000
00000000000000001111000000000000
00000000000000001111000000000000
00000000000000001111000000000000
00000000000000001111000000000000
00000000000000001111000000000000
