00000000000010000000000000000000
00000000001110000000000000000000
00000000011110000000000000000000
00000000111110000000000000000000
00000000111100000000000000000000
00000001111000000000000000000000
00000001110000000000000000000000
00000001110000000000000000000000
00000001110000000000000000000000
00000011110000000000000000000000
00000011110000000000001110000000
00000001100000000000001110000000
00000011100000000000001110000000
00000011100000000000011110000000
00000011100000000000011110000000
00000011110000000000011100000000
00000011110000000000011100000000
00000011110000000000111100000000
00000001001000000000111100000000
00000001111111111111111111000000
00000000101111111111111111000000
00000000000111111111111111000000
00000000000000000001111000000000
00000000000000000001110000000000
00000000000000000001110000000000
00000000000000000001110000000000
00000000000000000001100000000000
00000000000000000001110000000000
00000000000000000000110000000000
00000000000000000001110000000000
00000000000000000001110000000000
00000000000000000001110000000000
