00000000000000000000000000000000
00000000001100000000000000000000
00000000011110000000000000000000
00000000011100000000000000000000
00000000111100000000000000000000
00000000111000000000000000000000
00000000111000000000000000000000
00000001110000000000110000000000
00000001110000000001110000000000
00000001110000000001110000000000
00000001110000000001110000000000
00000001110000000001110000000000
00000001110000000001010000000000
00000001110000000001110000000000
00000001110000000011100000000000
00000000110000000011100000000000
00000000111111111111111110000000
00000000011111111111111110000000
00000000001111111111111110000000
00000000000000000011100000000000
00000000000000000011000000000000
00000000000000000110000000000000
00000000000000000111000000000000
00000000000000000110000000000000
00000000000000000111000000000000
00000000000000000111000000000000
00000000000000000111000000000000
00000000000000000111000000000000
00000000000000000111000000000000
00000000000000000011000000000000
00000000000000000001000000000000
00000000000000000001000000000000
