00000000011000000000000000000000
00000000011000000000000000000000
00000000111000000000000000000000
00000000111000000000000000000000
00000001100000000000000000000000
00000001110000000001000000000000
00000011100000000001100000000000
00000011100000000011100000000000
00000011100000000011100000000000
00000001100000000011100000000000
00000011100000000011100000000000
00000011000000000011100000000000
00000011000000000011100000000000
00000011000000000011100000000000
00000011000000000011000000000000
00000011000000000111000000000000
00000011000000000111000000000000
00000011100000000111000000000000
00000001111111111111111110000000
00000001111111111111111110000000
00000000111111111111111100000000
00000000000000000111000000000000
00000000000000000110000000000000
00000000000000001110000000000000
00000000000000001110000000000000
00000000000000001110000000000000
00000000000000001110000000000000
00000000000000001110000000000000
00000000000000001110000000000000
00000000000000001110000000000000
00000000000000001110000000000000
00000000000000000010000000000000
