00000000000001000000000000000000
00000000000101000000000000000000
00000000000111000000000000000000
00000000000011000000000000000000
00000000001111000000000000000000
00000000001110000000000000000000
00000000001100000000000000000000
00000000001110000001100000000000
00000000011110000001110000000000
00000000011110000001110000000000
00000000011100000011100000000000
00000000011100000011100000000000
00000000011100000101100000000000
00000000011110000111100000000000
00000000001110000111000000000000
00000000001111000111000000000000
00000000000111110111000000000000
00000000000111111111111000000000
00000000000001111111111000000000
00000000000000101111111000000000
00000000000000001110000000000000
00000000000000001110000000000000
00000000000000000110000000000000
00000000000000001110000000000000
00000000000000001110000000000000
00000000000000011110000000000000
00000000000000011100000000000000
00000000000000011100000000000000
00000000000000011100000000000000
00000000000000011100000000000000
00000000000000011100000000000000
00000000000000011100000000000000
