00000000000000000000011100000000
00000000000000000000011100000000
00000000000000000000011100000000
00000000001000000000111100000000
00000000111000000000110100000000
00000000111000000000111100000000
00000001011000000000110100000000
00000001110000000000011000000000
00000011110000000000111000000000
00000011110000000000111000000000
00000011100000000001111000000000
00000011100000000001111000000000
00000011100000000001111000000000
00000011100000000001111000000000
00000001100000000001111000000000
00000011100000000001100000000000
00000001110000000001110000000000
00000011111000000000110000000000
00000001111010000001110000000000
00000000101111111111111111100000
00000000011011111111111111100000
00000000000101111111111111100000
00000000000000000011110000000000
00000000000000000011110000000000
00000000000000000011110000000000
00000000000000000011110000000000
00000000000000000011110000000000
00000000000000000011110000000000
00000000000000000011110000000000
00000000000000000011110000000000
00000000000000000011110000000000
00000000000000000011110000000000
