00000000000000000000000000000000
00000011000000000000000000000000
00000111000000000000000000000000
00000011000000000001110000000000
00000110000000000001110000000000
00001110000000000011100000000000
00000110000000000011100000000000
00011100000000000011100000000000
00011100000000000011000000000000
00011100000000000111000000000000
00011100000000000111000000000000
00011100000000000111000000000000
00011100000000000110000000000000
00011100000000001110000000000000
00011100000000001110000000000000
00001110000000001110000000000000
00001110000000001110000000000000
00000110000000001100000000000000
00000111111000011100000000000000
00000000111111111111111111110000
00000000101111111111111111111000
00000000000000011100000000000000
00000000000000011000000000000000
00000000000000011000000000000000
00000000000000111000000000000000
00000000000000111000000000000000
00000000000000111000000000000000
00000000000000111000000000000000
00000000000000111000000000000000
00000000000000111000000000000000
00000000000000111000000000000000
00000000000000111000000000000000
