00000000000000000000111100000000
00000000000000000000111100000000
00000000000000000000111100000000
00000000000000000000111100000000
00000000010000000000111100000000
00000001010000000000111100000000
00000001111000000000111100000000
00000011110000000000111100000000
00000011100000000000111100000000
00000011110000000000111100000000
00000111100000000000111100000000
00000111100000000000111100000000
00000111100000000000111100000000
00000111100000000000111100000000
00000111100000000000111100000000
00000111100000000000111100000000
00000111100000000000111111100000
00000001000000000011111111100000
00000011111111111110111111100000
00000011111111111111111111100000
00000000011111111111111100000000
00000000011111111001111000000000
00000000000000000001111000000000
00000000000000000001111000000000
00000000000000000001111000000000
00000000000000000001111000000000
00000000000000000001111000000000
00000000000000000001111000000000
00000000000000000001110000000000
00000000000000000001110000000000
00000000000000000001110000000000
00000000000000000001110000000000
