00000000000000000000000000000000
00000000000000000000110000000000
00000000000000000001111000000000
00000000000000000001110000000000
00000000001110000011110000000000
00000000001110000011100000000000
00000000001110000011100000000000
00000000001110000111000000000000
00000000001110000111000000000000
00000000001110000111000000000000
00000000011110000110000000000000
00000000011110001110000000000000
00000000011110001110000000000000
00000000011110001110000000000000
00000000011100011100000000000000
00000000001110011100000000000000
00000000001111111111100000000000
00000000000001111111100000000000
00000000000000011000000000000000
00000000000000011000000000000000
00000000000000011000000000000000
00000000000000011000000000000000
00000000000000011000000000000000
00000000000000011000000000000000
00000000000000011000000000000000
00000000000000011000000000000000
00000000000000011000000000000000
00000000000000011000000000000000
00000000000000011000000000000000
00000000000000011000000000000000
00000000000000011000000000000000
00000000000000000000000000000000
