00000000000000000000000000000000
00000011000000000000000000000000
00000111000000001100000000000000
00000111000000011000000000000000
00000110000000111100000000000000
00001010000000111000000000000000
00001110000001110000000000000000
00001110000001110000000000000000
00001110000011100000000000000000
00001110000011100000000000000000
00000110000111000000000000000000
00001110000011000000000000000000
00001110000110000000000000000000
00001110000110000000000000000000
00001110001110000000000000000000
00001110001110000000000000000000
00001110001100000000000000000000
00001110001110000000001111100000
00000111000110001111111111000000
00000101111111111111111100000000
00000011111111101111000000000000
00000001111110000000000000000000
00000000001100000000000000000000
00000000001100000000000000000000
00000000001100000000000000000000
00000000001100000000000000000000
00000000001100000000000000000000
00000000001100000000000000000000
00000000001100000000000000000000
00000000001100000000000000000000
00000000001100000000000000000000
00000000001100000000000000000000
