00000000000000000000000000000000
00000000000000001110000000000000
00000000000000001110000000000000
00000000000000001100000000000000
00000000000000011100000000000000
00000000000000000100000000000000
00000000000000011100000000000000
00000000011000011100000000000000
00000000011100011100000000000000
00000000011100011100000000000000
00000000011100011100000000000000
00000000001100011100000000000000
00000000001110011100000000000000
00000000001110011100000000000000
00000000001110011100000000000000
00000000000110011100000000000000
00000000001110011100000000000000
00000000000111011100000000000000
00000000000111011100000000000000
00000000000011111111010000000000
00000000000011111111110000000000
00000000000000111111010000000000
00000000000000011100000000000000
00000000000000000110000000000000
00000000000000001110000000000000
00000000000000001110000000000000
00000000000000001110000000000000
00000000000000001110000000000000
00000000000000001110000000000000
00000000000000001110000000000000
00000000000000000100000000000000
00000000000000000000000000000000
