00000000000010000000111000000000
00000000000110000000111000000000
00000000000111000000111000000000
00000000001110000001111000000000
00000000011110000001111000000000
00000000011100000000110000000000
00000000011100000001110000000000
00000000011100000001100000000000
00000000011100000001110000000000
00000000011100000001110000000000
00000000011100000001110000000000
00000000011100000011100000000000
00000000011100000011100000000000
00000000011100000011100000000000
00000000011100000011100000000000
00000000011100000011100000000000
00000000011100000011100000000000
00000000011100000011100000000000
00000000001011111111110000000000
00000000000111111111110000000000
00000000000001111111100000000000
00000000000000000011100000000000
00000000000000000011100000000000
00000000000000000011100000000000
00000000000000000011100000000000
00000000000000000011100000000000
00000000000000000011100000000000
00000000000000000011100000000000
00000000000000000011100000000000
00000000000000000011100000000000
00000000000000000011100000000000
00000000000000000011100000000000
