00000000000000000001000000000000
00000000000000000011100000000000
00000000000000000011100000000000
00000000000000000111000000000000
00000000001110000111000000000000
00000000011100000110000000000000
00000000011100001010000000000000
00000000011000001110000000000000
00000000011000001110000000000000
00000000011000000110000000000000
00000000011000001100000000000000
00000000011000001100000000000000
00000000011000011000000000000000
00000000011000011100000000000000
00000000011000011100000000000000
00000000011000011000000000000000
00000000011000011000000000000000
00000000011100011000010000000000
00000000001100011001110000000000
00000000001011111011110000000000
00000000000111111100000000000000
00000000000000110000000000000000
00000000000000110000000000000000
00000000000000110000000000000000
00000000000000110000000000000000
00000000000001110000000000000000
00000000000001110000000000000000
00000000000001110000000000000000
00000000000001110000000000000000
00000000000001110000000000000000
00000000000001110000000000000000
00000000000000000000000000000000
