00000000000000000110000000000000
00000000000000000111000000000000
00000000000000000110000000000000
00000000100000001110000000000000
00000000110000001110000000000000
00000001110000001110000000000000
00000001110000001100000000000000
00000001110000011100000000000000
00000001100000011100000000000000
00000001100000011100000000000000
00000001100000011100000000000000
00000001100000011000000000000000
00000001100000011000000000000000
00000001100000111000000000000000
00000001100000011000000000000000
00000001100000111000000000000000
00000000100000111000000000000000
00000001110000111000000000000000
00000001110000111000000000000000
00000000110000111000000000000000
00000000111000111000001110000000
00000000111111111111111110000000
00000000011111111111111100000000
00000000001111111111100000000000
00000000000000111000000000000000
00000000000000111000000000000000
00000000000000111000000000000000
00000000000000110000000000000000
00000000000000011000000000000000
00000000000000111000000000000000
00000000000000111000000000000000
00000000000000111000000000000000
