00000000000000000000000000000000
00000000000000001100000000000000
00000001000000001110000000000000
00000001100000011100000000000000
00000001110000111000000000000000
00000000110000111000000000000000
00000000100000110000000000000000
00000000110001110000000000000000
00000000111001110000000000000000
00000000111001100000000000000000
00000000111011100000000000000000
00000000111010100000000000000000
00000000111111000000000000000000
00000000011111000000000000000000
00000000011111000000000000000000
00000000011110000000000000000000
00000000011110000000001110000000
00000000001111111111111110000000
00000000001111111111111110000000
00000000011100000000000000000000
00000000011100000000000000000000
00000000011100000000000000000000
00000000111000000000000000000000
00000000111000000000000000000000
00000000111000000000000000000000
00000000111000000000000000000000
00000000110000000000000000000000
00000000110000000000000000000000
00000000110000000000000000000000
00000000110000000000000000000000
00000000110000000000000000000000
00000001110000000000000000000000
