00000000000000000000000000001110
00000000000000000000000001111110
00000000001000000000001111111110
00000000001010000000111111110000
00000000001110000011111110000000
00000000011100001111110000000000
00000000011100011111000000000000
00000000111100111100000000000000
00000000111001101000000000000000
00000000111000110000000000000000
00000001110000000000000000000000
00000000100000000000000000000000
00000001110000000000000000000000
00000001110000000000000000000000
00000001110000000000000000000000
00000001110000000000000000000000
00000000110000000000000000000000
00000001111000000000000000000000
00000000110100000000000000000000
00000000011110000000000000000000
00000000001111000000000000000000
00000000000111111000000000000000
00000000000001111100000000000000
00000000000000111111000000000000
00000000000000001111100000000000
00000000000000000111110000000000
00000000000000000001110000000000
00000000000000000000111000000000
00000000000000000001111000000000
00011101111111111111110000000000
00010111111111111101100000000000
00011111111111110111000000000000
