00000000000000000100000000000100
00000000000000001100000001111100
00000000000000111100011110111100
00000000000011110001111111111000
00000000000011101111111110000000
00000000000111101110110000000000
00000000000111011111000000000000
00000000000111111000000000000000
00000000000011000000000000000000
00000000001111000000000000000000
00000000001111000000000000000000
00000000001111000000000000000000
00000000001111000000000000000000
00000000001111000000000000000000
00000000000111000000000000000000
00000000000111000000000000000000
00000000000111100000000000000000
00000000000011100000000000000000
00000000000011100000000000000000
00000000000010110000000000000000
00000000000001101000000000000000
00000000000000111100000000000000
00000000000000011100000000000000
00000000000000000111100000000000
00000000000000000011110000000000
00000000000000000011111000000000
00000000000000000000111100000000
00000000000000000000011000000000
00000000000000000000110000000000
00111111111111111111111000000000
00111111111111111111111000000000
00111111111111111110100000000000
