00000000000000000000000000000000
00000000000111000001111100000000
00000000000111000001110100000000
00000000000111000110100000000000
00000000000111001111100000000000
00000000000111011111000000000000
00000000000111011110000000000000
00000000000111001100000000000000
00000000000111000100000000000000
00000000000111000000000000000000
00000000000111000000000000000000
00000000000111000000000000000000
00000000000111000000000000000000
00000000000111000000000000000000
00000000000111000000000000000000
00000000000011000000000000000000
00000000000111000000000000000000
00000000000011100000000000000000
00000000000011100000000000000000
00000000000001100000000000000000
00000000000001100000000000000000
00000000000001110000000000000000
00000000000000111000000000000000
00000000000000011000000000000000
00000000000000001110000000000000
00000000000000001011100000000000
00000000000000000011100000000000
00000000000000000001000000000000
00000000000000000001110000000000
00000001111111111111100000000000
00000001111111111111100000000000
00000000000001111010000000000000
