00000000000000000111111111000000
00000000001010111111111111000000
00000001111111111111111111000000
00000001111111101000000000000000
00000011111000000000000000000000
00000001111000000000000000000000
00000000110000000000000000000000
00000000111000000000000000000000
00000000111000000000000000000000
00000000111000000000000000000000
00000000111000000000000000000000
00000000111000000000000000000000
00000000011100000000000000000000
00000000011100000000000000000000
00000000001111100000000000000000
00000000000111101110000000000000
00000000000011111111110000000000
00000000000000011111110110000000
00000000000000000011111111000000
00000000000000000000001110100000
00000000000000000000000001110000
00000000000000000000000001110000
00000000000000000000000001110000
00000000000000000000000001110000
00000000000000000000000001110000
00000000000000000000000001110000
00000000000000000000000001110000
00000000000000000000000111110000
00000000000000000000011111100000
00001111111111111111111101000000
00001111111111111111111100000000
00001111111111111010110000000000
