00000000000000000001110000000000
00000000000000111111110000000000
00000000001110111110110000000000
00000000001111111000000000000000
00000000001100000000000000000000
00000000001100000000000000000000
00000000011100000000000000000000
00000000011100000000000000000000
00000000011100000000000000000000
00000000011100000000000000000000
00000000011100000000000000000000
00000000011100000000000000000000
00000000001110000000000000000000
00000000001110000000000000000000
00000000001010000000000000000000
00000000000111000000000000000000
00000000000111100000000000000000
00000000000001111100000000000000
00000000000000111111000000000000
00000000000000111111100000000000
00000000000000000011011100000000
00000000000000000000011000000000
00000000000000000000001010000000
00000000000000000000001110000000
00000000000000000000001110000000
00000000000000000000001110000000
00000000000000000000111100000000
00000000000000000011111000000000
00000000000011111111111000000000
00000001111111111011000000000000
00000001111111111100000000000000
00000001111100000000000000000000
