00000000111000000000000000100000
00000000111000000000000111100000
00000000111000000000111111100000
00000000111000000001111111000000
00000000111000000111111000000000
00000000111000011101000000000000
00000000111000011110000000000000
00000000011100101000000000000000
00000000011100010000000000000000
00000000011110000000000000000000
00000000001110000000000000000000
00000000001111000000000000000000
00000000000111000000000000000000
00000000000111100000000000000000
00000000000011100000000000000000
00000000000011110000000000000000
00000000000001110000000000000000
00000000000000111000000000000000
00000000000000111000000000000000
00000000000000011100000000000000
00000000000000011110000000000000
00000000000000001110000000000000
00000000000000001111000000000000
00000000000000000110000000000000
00000000000000000111100000000000
00000000000000000011010000000000
00000000000000000001100000000000
00000000000000000001110000000000
00000010000000001111100000000000
00000111111111111111100000000000
00000111111111111110000000000000
00000000111111110000000000000000
