00000000000000000000000001100000
00000000000001110000000111100000
00000000000001110000111110110000
00000000000001110011111110000000
00000000000001110111110000000000
00000000000001111110000000000000
00000000000001111100000000000000
00000000000001110000000000000000
00000000000000110000000000000000
00000000000001110000000000000000
00000000000001110000000000000000
00000000000000110000000000000000
00000000000000111000000000000000
00000000000000011000000000000000
00000000000000011000000000000000
00000000000000011100000000000000
00000000000000001110000000000000
00000000000000001111000000000000
00000000000000000111100000000000
00000000000000000011110000000000
00000000000000000001111100000000
00000000000000000000111100000000
00000000000000000000001111000000
00000000000000000000000011000000
00000000000000000000000011100000
00000000000000000000000011100000
00000000000000000000000111100000
00000000000000000000011110000000
00000000000000001111111010000000
00000111111111111111111100000000
00001111111111111111100000000000
00000001111111100000000000000000
