00000000000000000000000000000000
00000000000000000000000000000000
00000001110000000000000000000000
00000000100000000000000000000000
00000001110000000011110000000000
00000001110000011111110000000000
00000001110011111111100000000000
00000001110111111100000000000000
00000001110011100000000000000000
00000001110000000000000000000000
00000001110000000000000000000000
00000001110000000000000000000000
00000001110000000000000000000000
00000001110000000000000000000000
00000000101000000000000000000000
00000000011000000000000000000000
00000000001111111101000000000000
00000000000111111111110000000000
00000000000000111111111100000000
00000000000000000000111000000000
00000000000000000000001110000000
00000000000000000000000100000000
00000000000000000000001110000000
00000000000000000000000110000000
00000000000000000000000111000000
00000000000000000000000111000000
00000000000000000000000111000000
00000000000000000000011100000000
00000000000000000001111110000000
00000000000001110110100100000000
00000000000011111111110000000000
00000000000101111100000000000000
