00000111111111111111111110000000
00000111111111111111111110000000
00000111111111111111111110000000
00000000001000000000000000000000
00000000111100000000000000000000
00000001101000000000000000000000
00000001110000000000000000000000
00000010110000000000000000000000
00000011010000000000000000000000
00000011100000000000000000000000
00000001100000000000000000000000
00000011100000000000000000000000
00000011100000000000000000000000
00000011100000000000000000000000
00000011111111111111111100000000
00000001111111111111111101000000
00000000011111111111111111100000
00000000000001111111111111000000
00000000000000000000000011100000
00000000000000000000000011100000
00000000000000000000000011100000
00000000000000000000000011100000
00000000000000000000000011100000
00000000000000000000000011100000
00000000000000000000000011100000
00000001110000000000000111100000
00000111001100000000000111000000
00000001011000000000000111000000
00000000000110110000011101000000
00000000001011111111011110000000
00000000000010111111111100000000
00000000000000011111011000000000
