00000000000000011000000000000000
00000000010101111110000000000000
00000000010111111100000000000000
00000000111111101000000000000000
00000001111000000000000000000000
00000000000000000000000000000000
00000010000000000000000000000000
00000011100000000000000000000000
00000111100000000000000000000000
00000011000000000000000000000000
00000011000000000000000000000000
00000100000000000000000000000000
00001110000000000000000000000000
00001110000000000000000000000000
00000011110000000000000000000000
00000111111110000000000000000000
00000001111111111110000000000000
00000000111101111111111000000000
00000000000111111111111111000000
00000000000000000111110111101000
00000000000000000000011111111000
00000000000000000000000001111100
00000000000000000000000000011100
00000000000000000000000000011100
00000000000000000000000000111000
00111000000000000000000011111000
00010000000000000000001111100000
00010000000000000011110110100000
00111100000000111111111101000000
00011111111111111111011000000000
00001111111111111111000000000000
00000111111111110000000000000000
