00000000111000000000000000000001
00000000111000000000000000000001
00000000111000000000000011111101
00000000111000000011111111111101
00000000111001111111111111111111
00000000111111111111111110000001
00000000111111111000000000000001
00000000111110000000000000000001
00000000011000000000000000000001
00000000111000000000000000000001
00000000011100000000000000000001
00000000011100000000000000000001
00000000011110000000000000000001
00000000001110000000000000000001
00000000000101000000000000000001
00000000000111000000000000000001
00000000000011110000000000000001
00000000000011111100000000000001
00000000000000101101100000000001
00000000000000001101110000000001
00000000000000000011110000000001
00000000000000000000111000000001
00000000000000000000011100000001
00000000000000000000011100000001
00000000000000000000011000000001
00000000000000000000011100000001
00000000000000000000011100000001
00000000000000000000011100000001
01111000000000000001111000000001
00011111111111111011110000000001
00011111111111111101100000000001
00000011111111111100000000000001
