00000000000000000110111000000000
00000000000111111111111000000000
00000010111111111101111000000000
00000111111111111111000000000000
00001111111111000000000000000000
00000110100000000000000000000000
00000001110000000000000000000000
00000001110000000000000000000000
00000011110000000000000000000000
00000001000000000000000000000000
00000111100000000000000000000000
00000111100000000000000000000000
00000111100000000000000000000000
00000001111100000000000000000000
00000001110110111000000000000000
00000001111111111111100000000000
00000000001011111111111110000000
00000000000000011111111111100000
00000000000000000001111111100000
00000000000000000000000111001000
00000000000000000000000000111000
00000000000000000000000000111000
00000000000000000000000000111000
00000000000000000000000001100000
00000000000000000000000010110000
00000000000000000000000111110000
00011110000000000000111111000000
00011110000000000101111110000000
00001110000011111111111100000000
00000111111111111111010000000000
00000001111111111100000000000000
00000101111111110000000000000000
