00000000000000111101100000000000
00001111111111111111100000000000
00001111111111101111100000000000
00001111111111000000000000000000
00000011100000000000000000000000
00000011000000000000000000000000
00000111100000000000000000000000
00000111000000000000000000000000
00000111000000000000000000000000
00000111000000000000000000000000
00000111000000000000000000000000
00000111000000000000000000000000
00000111000000000000000000000000
00000001110111000000000000000000
00000001111111111111111110000000
00000001111111111111111110000000
00000000000001111111111111110000
00000000000000000000000001110000
00000000000000000000000001110000
00000000000000000000000001110000
00000000000000000000000001110000
00000000000000000000000011110000
00000000000000000000000011100000
00000000000000000000000111100000
00000111000000000000001111000000
00000011000000000000011110000000
00000111000000000000101110000000
00000011100000000011111100000000
00000001010000001111110000000000
00000000011110111111000000000000
00000001111111011100000000000000
00000000111110000000000000000000
