00000011111111111110000000000000
00000001111111111110000000000000
00000111111111111110000000000000
00000001100000000000000000000000
00000000000000000000000000000000
00000001110000000000000000000000
00000001100000000000000000000000
00000011110000000000000000000000
00000011110000000000000000000000
00000011110000000000000000000000
00000011110000000000000000000000
00000011110000000000000000000000
00000001110000000000000000000000
00000000111100000000000000000000
00000000111111110000000000000000
00000000011111111111100000000000
00000000001111111111111100000000
00000000000000111111110111000000
00000000000000000001111110100000
00000000000000000000001111110000
00000000000000000000000011110000
00000000000000000000000011110000
00000000000000000000000011110000
00000000000000000000000011110000
00000000000000000000000111100000
00000000000000000000001111100000
00000000000000000000011111000000
00000000011000000000101110000000
00000000010110001111111100000000
00000000101111111111110000000000
00000000000111110111100000000000
00000000000110110110000000000000
