00000000000000011111000000000000
00000000001111111111000000000000
00000001111111111111000000000000
00000001111111101111000000000000
00000001111111100000000000000000
00000000000000000000000000000000
00000001000000000000000000000000
00000011010000000000000000000000
00000011100000000000000000000000
00000111100000000000000000000000
00000011100000000000000000000000
00001111000000000000000000000000
00000111000000000000000000000000
00000110111000000000000000000000
00000011111011100000000000000000
00000010111111111101000000000000
00000000111111111111111100000000
00000000000011111111111111000000
00000000000000001111111111000000
00000000000000000000111011000000
00000000000000000000000011110000
00000000000000000000000011110000
00000000000000000000000011110000
00000000000000000000000011110000
00000000000000000000000011110000
00000000000000000000000111010000
00000000110000000000001111100000
00000001011100000000111111000000
00000000111111111101111110000000
00000000011110111101110100000000
00000000000111111111111000000000
00000000000010111101000000000000
