00000000011100000000000000000000
00000000111000000000000000000000
00000000111000000000001110000000
00000000111000000001111110000000
00000000111000000111111110000000
00000000111000011111111000000000
00000000111001001101000000000000
00000000111010111100000000000000
00000000111111010000000000000000
00000000111011000000000000000000
00000000111100000000000000000000
00000000011100000000000000000000
00000000011110000000000000000000
00000000011110000000000000000000
00000000001110000000000000000000
00000000000011000000000000000000
00000000000011100000000000000000
00000000000011110000000000000000
00000000000001111000000000000000
00000000000000011100000000000000
00000000000000011110000000000000
00000000000000000111000000000000
00000000000000000011100000000000
00000000000000000011100000000000
00000000000000000011100000000000
00000000000000000001110000000000
00000000000000000001110000000000
00000000000000000001110000000000
00000000000000000001110000000000
00000001111111111111100000000000
00000010111111111111100000000000
00000000111111111110000000000000
