00000001000000000000000000000000
00000111000000000000000000000000
00000011100000000000000000000000
00000111000000000000000011010000
00001111000000000000111111110000
00001111000000001111111101110000
00000011000001111111111111000000
00001111001111111111100000000000
00001111011111011100000000000000
00001111111111000000000000000000
00001111010000000000000000000000
00001111000000000000000000000000
00000011000000000000000000000000
00000011100000000000000000000000
00000011100000000000000000000000
00000001110000000000000000000000
00000001011111100000000000000000
00000000011111111100000000000000
00000000001111111111000000000000
00000000000001111111100000000000
00000000000000000101100000000000
00000000000000000000111000000000
00000000000000000000111000000000
00000000000000000000111100000000
00000000000000000000111100000000
00000000000000000000111100000000
00000000000000000000111100000000
00000000000000000000111100000000
00000001111000000001110000000000
00000011111111111111111000000000
00000011111111111111100000000000
00000000011111111101000000000000
