00000000000000000000000000000000
00000000010000000000000000000000
00000000011100000000000000000000
00000000111100000000000000000000
00000000111000000000000000000000
00000000111000000000000000000000
00000000111000000000011110000000
00000000111011111111111110000000
00000000111111111111110100000000
00000001111111111011000000000000
00000001110110000000000000000000
00000001110000000000000000000000
00000001110000000000000000000000
00000001110000000000000000000000
00000001110000000000000000000000
00000000111000000000000000000000
00000000111100000000000000000000
00000000011101100000000000000000
00000000001011101000000000000000
00000000000011111000000000000000
00000000000000111000000000000000
00000000000000011100000000000000
00000000000000011100000000000000
00000000000000011100000000000000
00000000000000111000000000000000
00000000000000011100000000000000
00000000000000010000000000000000
00000000000111111000000000000000
00000000111111000000000000000000
00000001111111100000000000000000
00000001111100000000000000000000
00000000000000000000000000000000
