00000000000000000000000011010000
00000000000000000000101011110000
00000000000000000101101111110000
00000000000000010111111111010000
00000000000000101111111000000000
00000000011111111100000000000000
00000000001111111000000000000000
00000000011111100000000000000000
00000000010110000000000000000000
00000000011110000000000000000000
00000000001110000000000000000000
00000000001111000000000000000000
00000000001111000000000000000000
00000000000110000000000000000000
00000000000111100000000000000000
00000000000011110000000000000000
00000000000011111000000000000000
00000000000001111100000000000000
00000000000000111111000000000000
00000000000000011111110000000000
00000000000000001111110000000000
00000000000000000011111100000000
00000000000000000001111000000000
00000000000000000000001110000000
00000000000000000000001110000000
00000000000000000000011100000000
00000000000000000000111100000000
00000000000000000111111100000000
00001111111111111011110000000000
00000111111111111111100000000000
00000011111111111110000000000000
00000001111111110000000000000000
