00000000000000111111000000000000
00000001111111111111100000000000
00000110111111111111100000000000
00000111111111111111000000000000
00000111110000000000000000000000
00000000000000000000000000000000
00000000000000000000000000000000
00000011000000000000000000000000
00000111100000000000000000000000
00000101000000000000000000000000
00000111000000000000000000000000
00000011000000000000000000000000
00000111000000000000000000000000
00000111000000000000000000000000
00000111100000000000000000000000
00000001111000000000000000000000
00000011111110000000000000000000
00000001111111101000000000000000
00000000001111111111100000000000
00000000000010111111111000000000
00000000000000011111111111000000
00000000000000000001110111110000
00000000000000000000001111110100
00000000000000000000000001110000
00000000000000000000000000001110
00000000000000000000000000011000
00000000000000000000000011111000
00000000000000000000011111101000
00000000000000011111111111110000
01111111111111111111111111000000
01111111111111111111110000000000
01111111111111101000000000000000
