00001110000000000000000000000000
00001110000000000000000000000000
00001110000000000000000000000000
00001110000000000000000000000000
00001100000000000000000000100000
00001110000000000000011111110000
00001110000000000011111101100000
00001110000000011111111110000000
00001110000001111111110000000000
00001110000111111110000000000000
00000110010111110000000000000000
00001110101110000000000000000000
00000101111000000000000000000000
00000110100000000000000000000000
00000011110000000000000000000000
00000001111000000000000000000000
00000001111110000000000000000000
00000000011111100000000000000000
00000000000111111100000000000000
00000000000011111100000000000000
00000000000000011110000000000000
00000000000000000111000000000000
00000000000000000111000000000000
00000000000000000111000000000000
00000000000000000111000000000000
00000000000000001111000000000000
00000000000000001110000000000000
00000000000001111100000000000000
00000000000111111000000000000000
00000000110111110000000000000000
00000000111110000000000000000000
00000000111000000000000000000000
