00000001000000000000000000000000
00000001110000000000000000000000
00000011100000000000111111000000
00000011100000000001111111000000
00000011100000000101111011000000
00000011100000001111100000000000
00000011100000001100000000000000
00000011100000011110000000000000
00000011100000011100000000000000
00000011100000111000000000000000
00000011100001111000000000000000
00000011100001110000000000000000
00000010100000010000000000000000
00000000110000000000000000000000
00000001110000000000000000000000
00000000111000000000000000000000
00000000011100000000000000000000
00000000001111000000000000000000
00000000001111000000000000000000
00000000000011110000000000000000
00000000000001111000000000000000
00000000000000111000000000000000
00000000000000011100000000000000
00000000000000001100000000000000
00000000000000001110000000000000
00000000000000011100000000000000
00000000000000111100000000000000
00000000000000111000000000000000
00000000000001110000000000000000
00000000000110010000000000000000
00000000000101000000000000000000
00000000000100000000000000000000
