00000011100000000000000000000000
00000011100000000000000000000000
00000011100000000000000000000000
00000011100000000000000000000000
00000011100000000000000000000000
00000011100000000000011111000000
00000011100000000001111110000000
00000011100000000101111100000000
00000011100000011111110000000000
00000011100000011110000000000000
00000011100001110000000000000000
00000011110001110000000000000000
00000001110001100000000000000000
00000001110000000000000000000000
00000000111000000000000000000000
00000000110100000000000000000000
00000000001110000000000000000000
00000000010110000000000000000000
00000000001111100000000000000000
00000000000011110000000000000000
00000000000001111000000000000000
00000000000000111100000000000000
00000000000000011110000000000000
00000000000000001111000000000000
00000000000000000110000000000000
00000000000000000011000000000000
00000000000000000111000000000000
00000000000000001110000000000000
00000000000001011110000000000000
00000000111111111100000000000000
00000001111111111000000000000000
00000000011100000000000000000000
