00000000000000000000000000000000
00000000001110000000000000000000
00000000011110000000001100000000
00000000011100000000010110000000
00000000111000000001111100000000
00000001110000001111111000000000
00000001110000011111100000000000
00000001110001111110000000000000
00000001110101111000000000000000
00000001110111100000000000000000
00000001111111000000000000000000
00000001110000000000000000000000
00000001110000000000000000000000
00000001110000000000000000000000
00000000111000000000000000000000
00000000111100000000000000000000
00000000001110000000000000000000
00000000000111000000000000000000
00000000000101100000000000000000
00000000000011110000000000000000
00000000000001111000000000000000
00000000000000111100000000000000
00000000000000011110000000000000
00000000000000001110000000000000
00000000000000001111000000000000
00000000000000000111000000000000
00000000000000000011100000000000
00000000000000000011100000000000
00000000100000000011100000000000
00000000011111110110000000000000
00000001111111111101000000000000
00000000011111111110000000000000
