00000000000000000000000111110000
00000000000000000011111111110000
00000000000000110111111111110000
00000000100110111111111000000000
00000000111111111100000000000000
00000001111111000000000000000000
00000001111000000000000000000000
00000001100000000000000000000000
00000001100000000000000000000000
00000001100000000000000000000000
00000001110000000000000000000000
00000001110000000000000000000000
00000001110000000000000000000000
00000000011000000000000000000000
00000000011110000000000000000000
00000000011111100000000000000000
00000000000111111110000000000000
00000000000010111111110000000000
00000000000000001101111100000000
00000000000000000001111110000000
00000000000000000000001111100000
00000000000000000000000011000000
00000000000000000000000001100000
00000000000000000000000011100000
00000000000000000000000001100000
00000000000000000000000001100000
00000000000000000000000001100000
00000000000000000000000011000000
00000010000000000000011111000000
00000111111111111111111110100000
00000011111111111111111100000000
00000001111111111111100000000000
