00000000000000000000110000000000
00000000000001111111110000000000
00000000000101111111111000000000
00000000001101111110000000000000
00000000010000000000000000000000
00000000011100000000000000000000
00000000111000000000000000000000
00000000110000000000000000000000
00000001110000000000000000000000
00000001110000000000000000000000
00000001110000000000000000000000
00000001110000000000000000000000
00000001110000000000000000000000
00000001110000000000000000000000
00000001110000000000000000000000
00000000111000000000000000000000
00000000111000000000000000000000
00000000111111111000000000000000
00000000011111111111110000000000
00000000001101111111111110000000
00000000000000000111011110000000
00000000000000000000001110000000
00000000000000000000001110000000
00000000000000000000001110000000
00000000000000000000001110000000
00000000000000000000001110000000
00000000000000000000011110000000
00000000000000000011111100000000
00000000000111111111111000000000
00000000111111110111000000000000
00000001111111111100000000000000
00000000100000000000000000000000
