00000011111111111111111110000000
00000011111111111111111110000000
00000011111111111111111110000000
00000000001110000000000000000000
00000000011111000000000000000000
00000000111110000000000000000000
00000001111100000000000000000000
00000001111000000000000000000000
00000000110000000000000000000000
00000001110000000000000000000000
00000001100000000000000000000000
00000011100000000000000000000000
00000011100000000000000000000000
00000011100000000000000000000000
00000000110000000000000000000000
00000000111111000000000000000000
00000000011110111110000000000000
00000000001111111110111000000000
00000000000001011111111010000000
00000000000000000111111110000000
00000000000000000000011111000000
00000000000000000000000111000000
00000000000000000000000111000000
00000000000000000000011110000000
00000000000000000000111110000000
00000000000000000111111100000000
00000000000000011111011000000000
00000000000011111111100000000000
00000000011111111100000000000000
00000001111111110000000000000000
00000001111110000000000000000000
00000000110000000000000000000000
