00000000111111111111111100000000
00000000111111111111111100000000
00000000111111111111111100000000
00000000011000000000000000000000
00000000111100000000000000000000
00000001011100000000000000000000
00000011111000000000000000000000
00000011110000000000000000000000
00000111100000000000000000000000
00000111000000000000000000000000
00000111000000000000000000000000
00000111000000000000000000000000
00000001100000000000000000000000
00000001010100000000000000000000
00000000111111000000000000000000
00000000011111010000000000000000
00000000000101111111000000000000
00000000000000111111111000000000
00000000000000011111111111000000
00000000000000000001111100000000
00000000000000000000001111100000
00000000000000000000000011100000
00000000000000000000000011100000
00000000000000000000000011100000
00000000000000000000000111100000
00000000000000000000001111000000
00000000000000000000111110000000
00000000000000001111111100000000
00000000000011101111111000000000
00000000001011111111100000000000
00000000001111011000000000000000
00000000001110000000000000000000
