00000000000000000000011111100000
00000000000011111111111111100000
00000000111111111111111111100000
00000001111111111111110000000000
00000001111111100000000000000000
00000001100001110000000000000000
00000000000001110000000000000000
00000000000001110000000000000000
00000000000001110000000000000000
00000000000001110000000000000000
00000000000001110000000000000000
00000000000001010000000000000000
00000000000000111000000000000000
00000000000000111100000000000000
00000000000000101100000000000000
00000000000000011100000000000000
00000000000000001111000000000000
00000000000000000011110000000000
00000000000000000001111000000000
00000000000000000000111000000000
00000000000000000000011111000000
00000000000000000000000111000000
00000000000000000000000010000000
00000000000000000000000001000000
00000000000000000000000011100000
00000000000000000000000011100000
00000000000000000000000111000000
00000000000000000000011110000000
00000000000000000011111110000000
00000000000001111111111100000000
00000000000001111011110000000000
00000000000001111110000000000000
