00000000000000000000000000111000
00000000000000000011111111111000
00000000000011111111111111111000
00000001111111111111101111000000
00000010011111111111000000000000
00000111111110000000000000000000
00000001000111000000000000000000
00000000000110000000000000000000
00000000001110000000000000000000
00000000001110000000000000000000
00000000000011000000000000000000
00000000000111000000000000000000
00000000000101111100000000000000
00000000000001111111100000000000
00000000000000111011111100000000
00000000000000000111111101000000
00000000000000000000111111100000
00000000000000000000000111110000
00000000000000000000000001110000
00000000000000000000000000111000
00000000000000000000000000111000
00000000000000000000000000111000
00000000000000000000000000111000
00000000000000000000000000110000
00000000000000000000000001101000
00000000000000000000000111110000
00000000000000000011111101100000
00000000000111111111111111000000
00000111111111111111111000000000
00011111111111111110000000000000
00011111111110000000000000000000
00011100000000000000000000000000
