00000000000000000000111100000000
00000000000001111111111100000000
00000001111111111111111100000000
00000011111011111110000000000000
00000111111100000000000000000000
00000001000100000000000000000000
00000000001100000000000000000000
00000000011100000000000000000000
00000000011100000000000000000000
00000000011100000000000000000000
00000000000010000000000000000000
00000000001110000000000000000000
00000000000111111000000000000000
00000000000001111110000000000000
00000000000000111110100000000000
00000000000000001111011000000000
00000000000000000000110100000000
00000000000000000000111100000000
00000000000000000000001100000000
00000000000000000000000111000000
00000000000000000000000111000000
00000000000000000000000011000000
00000000000000000000000010000000
00000000000000000000000001000000
00000000000000000000000011100000
00000000000000000000000011100000
00000000000000000000000011100000
00000000000000000000000110000000
00000000000000000001110111000000
00000000000000000111111110000000
00000000000000000111101000000000
00000000000000000110000000000000
