00000000000000000000000000000000
00000000000000000110110000000000
00000000000001011111110000000000
00000000000111111111110000000000
00000000001111111100000000000000
00000000000011100000000000000000
00000000000000000000000000000000
00000000000100000000000000000000
00000000011100000000000000000000
00000000011100000000000000000000
00000000001110000000000000000000
00000000000111000000000000000000
00000000000101000000000000000000
00000000000101100000000000000000
00000000000011100000000000000000
00000000000001111000000000000000
00000000000000110100000000000000
00000000000000110011000000000000
00000000000000000111100000000000
00000000000000000111100000000000
00000000000000000010110000000000
00000000000000000001100000000000
00000000000000000000111000000000
00000000000000000000111000000000
00000000000000000000111000000000
00000000000000000000111000000000
00000000000000000001111000000000
00000000000000000111100000000000
00000000000000111011110000000000
00000000000010111101100000000000
00000000000011110110000000000000
00000000000011110000000000000000
