00000000000000000001111000000000
00000000000000011111111000000000
00000000000111011111101000000000
00000000111111110110000000000000
00000001111111100000000000000000
00000011111100000000000000000000
00000011110000000000000000000000
00000000011100000000000000000000
00000000011100000000000000000000
00000000011110000000000000000000
00000000011110000000000000000000
00000000000100000000000000000000
00000000001111000000000000000000
00000000000111100000000000000000
00000000000011111000000000000000
00000000000001111110000000000000
00000000000000111110110000000000
00000000000000001111111000000000
00000000000000000001111110000000
00000000000000000000001111000000
00000000000000000000000111000000
00000000000000000000000111000000
00000000000000000000000111000000
00000000000000000000000111000000
00000000000000000000000111000000
00000000000000000000011110000000
00000000000000000001111110000000
00000000000000000011111100000000
00000000000000001111110000000000
00000000000000011101000000000000
00000000000000111110000000000000
00000000000000010000000000000000
