00000000000010000000000000000000
00000000000111000000000000000000
00000000001111000000000000000000
00000000001111000000000000000000
00000000001110000000000000000000
00000000011110000000000000000000
00000000011110000000000000000000
00000000011000000000000000000000
00000000011101110110000000000000
00000000011101110111111000000000
00000000011101111111111111100000
00000000011101111111111111111000
00000000011100000000011111111000
00000000011100000000000001111111
00000000011110000000000000000100
00000000001111000000000000000000
00000000001110000000000000000000
00000000000111100000000000000000
00000000000011000000000000000000
00000000000011110000000000000000
00000000000011110000000000000000
00000000000001111000000000000000
00000000000000111100000000000000
00000000000000111000000000000000
00000000000000011100000000000000
00000000000000011100000000000000
00000000000000001110000000000000
00000000000000111110000000000000
11110000001111111000000000000000
11111111111111111100000000000000
00111111111111110000000000000000
00111111111100000000000000000000
