00000000000000000000011100000000
00000000000000001110111100000000
00000000000011111011111110000000
00000000011111111111101000000000
00000001111111111100000000000000
00000000111111000000000000000000
00000000111100000000000000000000
00000000011100000000000000000000
00000000011100000000000000000000
00000000011100000000000000000000
00000000011100000000000000000000
00000000011110000000000000000000
00000000001010000000000000000000
00000000000111100000000000000000
00000000000111110000000000000000
00000000000010111000000000000000
00000000000001101110000000000000
00000000000000111111110000000000
00000000000000001011111000000000
00000000000000000001111100000000
00000000000000000000101110000000
00000000000000000000001110000000
00000000000000000000000111100000
00000000000000000000000011100000
00000000000000000000000011000000
00000000000000000000000011110000
00000000000000000000000011110000
00000000000000000000000011110000
00000100000000000000000111110000
00000111111111111111111111000000
00000111111111111111111111100000
00000111111111111111111110000000
