00000000000000110000000000000000
00000000000111110000000000000000
00000000000010110000000000000000
00000000000110000000000000000000
00000000011100000000100000000000
00000000010100110111110000000000
00000000111000111111110000000000
00000000110010111110000000000000
00000000111111111110000000000000
00000000111011000000000000000000
00000000011010000000000000000000
00000000010100000000000000000000
00000000011110000000000000000000
00000000001011000000000000000000
00000000000111100000000000000000
00000000000011111000000000000000
00000000000000111100000000000000
00000000000000011111000000000000
00000000000000001111110000000000
00000000000000000011111100000000
00000000000000000000011111100000
00000000000000000000001111110000
00000000000000000000000011110000
00000000000000000000000000011000
00000000000000000000000000011000
00000000000000000000000001110000
00000000000000000000000011110000
00000000000000000000011111100000
00000000000000111111111110000000
00001111111111111111111100000000
00011111111111111111100000000000
00000111111110000000000000000000
