00000000000110000000000110000000
00000000011110000000010010000000
00000000011110000000111010000000
00000000111000000010110000000000
00000000111000000111110000000000
00000000111000001111000000000000
00000000111000011110000000000000
00000000111000011100000000000000
00000000111000010000000000000000
00000000011100010000000000000000
00000000011110000000000000000000
00000000001110000000000000000000
00000000000111000000000000000000
00000000000111100000000000000000
00000000000011110000000000000000
00000000000001111000000000000000
00000000000000111100000000000000
00000000000000011110000000000000
00000000000000001011100000000000
00000000000000000111100000000000
00000000000000000011110000000000
00000000000000000001110000000000
00000000000000000000110000000000
00000000000000000000111000000000
00000000000000000000111000000000
00000000000000000000110000000000
00000000000000000011111000000000
00000000000000001101110000000000
00000000000011111111100000000000
00000000111111111100000000000000
00000001111111110000000000000000
00000000111000000000000000000000
