00001110000000000001111000000000
00001110000000111111111000000000
00001110011111101111111100000000
00001111111111111101111000000000
00001111111111111000000000000000
00000111001100000000000000000000
00001111100000000000000000000000
00000111100000000000000000000000
00000111100000000000000000000000
00000111100000000000000000000000
00000001110000000000000000000000
00000001111000000000000000000000
00000001111110000000000000000000
00000000101111000000000000000000
00000000011111111000000000000000
00000000000111111110000000000000
00000000000011111111110000000000
00000000000000001111111000000000
00000000000000000111111111000000
00000000000000000000011111000000
00000000000000000000001111000000
00000000000000000000000011110000
00000000000000000000000001110000
00000000000000000000000001110000
00000000000000000000000001111000
00000000000000000000000001110000
00000110000000000000000000111000
00001001110000000000000000111000
00011111101111000011111111110000
00000111111111111111111110100000
00000000110111111111111111000000
00000000000111111111111000000000
