00000000001000000000000000000000
00000000010000000000101000000000
00000000011100011111101000000000
00000000111100111111111000000000
00000000111000011110000000000000
00000000110000011000000000000000
00000000111000000000000000000000
00000000111000000000000000000000
00000000111000000000000000000000
00000000111000000000000000000000
00000000111000000000000000000000
00000000011100000000000000000000
00000000101011000000000000000000
00000000001010111000000000000000
00000000000111111100000000000000
00000000000001111110000000000000
00000000000000011111100000000000
00000000000000001111010000000000
00000000000000000011111100000000
00000000000000000000111100000000
00000010000000000000011110000000
00000111100000000000001111000000
00000111100000000000001111000000
00000011110000000000000111100000
00000011110000000000000111100000
00000000111000000000000111100000
00000000011100000000000111100000
00000000111110000000000111100000
00000000001111100000011111000000
00000000001111111111111101000000
00000000000111111111101110000000
00000000000001011111100000000000
