00000000000100000000000001011000
00000000000100000000111111011000
00000000001110001111111111111000
00000000001110111111101111000000
00000000001111111111000000000000
00000000001111010000000000000000
00000000001110000000000000000000
00000000001110000000000000000000
00000000001110000000000000000000
00000000001110000000000000000000
00000000001110000000000000000000
00000000000100000000000000000000
00000000000111000000000000000000
00000000000101100000000000000000
00000000000011100000000000000000
00000000000001111000000000000000
00000000000000111100000000000000
00000000000000010110000000000000
00000000000000001110000000000000
00000000000000000111000000000000
00000000000000000011000000000000
00000000000000000111100000000000
00000000000000000011100000000000
00000000000000000001100000000000
00000000000000000011100000000000
00000000000000000011100000000000
00000000000000000011100000000000
00001100000000000111000000000000
00011111100000001111000000000000
00001111111111101111000000000000
00000111111111110100000000000000
00000000011111101000000000000000
