00000000000000000000001110000000
00000000000000000001111110000000
00000000000000001011111110000000
00000000000000011111110000000000
00000000000001111010000000000000
00000000011010111000000000000000
00000000011101100000000000000000
00000000011100000000000000000000
00000000011100000000000000000000
00000000011100000000000000000000
00000000011100000000000000000000
00000000001110000000000000000000
00000000001110000000000000000000
00000000001111000000000000000000
00000000000111000000000000000000
00000000000011100000000000000000
00000000000011111000000000000000
00000000000001111110000000000000
00000000000000011111000000000000
00000000000000000111100000000000
00000000000000000011111000000000
00000000000000000000111000000000
00000000000000000000011100000000
00000000000000000000001100000000
00000000000000000000011100000000
00000000000000000000011100000000
00000000000000000000011000000000
00000000000000000001111000000000
00000000100000001111101000000000
00000001111111111111110000000000
00000001111111111110000000000000
00000000111011000000000000000000
