00000000000000000000000000001000
00000000000000000000000111111000
00000000000000000001111111111100
00000000000000000101111111111000
00000000000000111111111110000000
00000000000001111111000000000000
00000000000111110100000000000000
00000000111111110000000000000000
00000000111111100000000000000000
00000011111100000000000000000000
00000111110000000000000000000000
00000111000000000000000000000000
00001111000000000000000000000000
00001111000000000000000000000000
00001111000000000000000000000000
00001111000000000000000000000000
00001111000000000000000000000000
00000110100000000000000000000000
00000011110000000000000000000000
00000011110000000000000000000000
00000001111100000000000000000000
00000000111110000000000000000000
00000000011111100000000000000000
00000000000111111000000000000000
00000000000011110100000000000000
00000000000001111110000000000000
00000000000000011110000000000000
00000000000000001110000000000000
00011100000000000110000000000000
00011111111111111111000000000000
00111011111111110110000000000000
00000110111111110100000000000000
