00000000011110000000000000000000
00000000111111111111000000000000
00000000111111111111111111000000
00000000111001111111111111111111
00000000111000000000111111111111
00000000111000000000000000111111
00000000111000000000000000000000
00000000111000000000000000000000
00000000111000000000000000000000
00000000111000000000000000000000
00000000111000000000000000000000
00000000111100000000000000000000
00000000011100000000000000000000
00000000011100000000000000000000
00000000001110000000000000000000
00000000001111000000000000000000
00000000000111000000000000000000
00000000000111100000000000000000
00000000000011110000000000000000
00000000000001111000000000000000
00000000000000111000000000000000
00000000000000111000000000000000
00000000000000011100000000000000
00000000000000001100000000000000
00000000000000001100000000000000
00000000000000011100000000000000
01000000000000011100000000000000
01000000000000111100000000000000
01010111000011110000000000000000
00010111111111110000000000000000
00000111111111000000000000000000
00000001111100000000000000000000
