00000000000000000000000011000000
00000000000000000000011111000000
00000000100000000011111111000000
00000001100000001111111110000000
00000001010000111111110000000000
00000001110001111010000000000000
00000001110011110000000000000000
00000000111110100000000000000000
00000000111101000000000000000000
00000000111010000000000000000000
00000000011100000000000000000000
00000000011100000000000000000000
00000000011110000000000000000000
00000000001100000000000000000000
00000000001111000000000000000000
00000000000011100000000000000000
00000000000011100000000000000000
00000000000011110000000000000000
00000000000001111000000000000000
00000000000000111100000000000000
00000000000000011110000000000000
00000000000000001011000000000000
00000000000000000110100000000000
00000000000000000011000000000000
00000000000000000011100000000000
00000000000000000001110000000000
00000000000000000001111000000000
00000000000000000001111000000000
00000000000000000011111000000000
00000011111111111111110000000000
00000011111111111010100000000000
00000011111111111110000000000000
