00000000000000000000001110000000
00000000000000000001111110000000
00000000000000011011101010000000
00000000000010111111010000000000
00000000001011110100000000000000
00000000011111000000000000000000
00000000111000000000000000000000
00000000111000000000000000000000
00000000111000000000000000000000
00000000111000000000000000000000
00000000111000000000000000000000
00000000111000000000000000000000
00000000011100000000000000000000
00000000011100000000000000000000
00000000001110000000000000000000
00000000001111000000000000000000
00000000000111100000000000000000
00000000000011111000000000000000
00000000000001011100000000000000
00000000000000011010000000000000
00000000000000000111110000000000
00000000000000000001011000000000
00000000000000000000111000000000
00000000000000000000111000000000
00000000000000000000110000000000
00000000000000000011110000000000
00000000000000001111100000000000
00000000000011111111100000000000
00000000001011111100000000000000
00000000111111100000000000000000
00000000010100000000000000000000
00000000000000000000000000000000
