00010000000000000000000000000000
00010000000000000000000000110110
00111000000000000000011011111110
00111000000000000011111111111010
00111100000000011111111111100000
00111100000011111111111000000000
00111100001111111111000000000000
00011100001111010000000000000000
00011101011011000000000000000000
00011100101000000000000000000000
00011100010000000000000000000000
00001100000000000000000000000000
00011100000000000000000000000000
00001110000000000000000000000000
00001110000000000000000000000000
00001111000000000000000000000000
00001111000000000000000000000000
00000111100000000000000000000000
00000101010000000000000000000000
00000010011100000000000000000000
00000000111010000000000000000000
00000000011111000000000000000000
00000000000111100000000000000000
00000000000011100000000000000000
00000000000001000000000000000000
00000000000001111000000000000000
00000000000001111000000000000000
00000000011111110000000000000000
00111111111111110000000000000000
01111111101111100000000000000000
01111111111000000000000000000000
01111000000000000000000000000000
