00000000111000000000000000000000
00000000111000000000000000000000
00000000111000000000000000000000
00000000111000000000000000000000
00000000111000000001111000000000
00000000111000000111111000000000
00000000111000000011110000000000
00000000111000001110100000000000
00000000111000101100000000000000
00000000111000001100000000000000
00000000111100000000000000000000
00000000111000000000000000000000
00000000011100000000000000000000
00000000011110000000000000000000
00000000001111000000000000000000
00000000001111100000000000000000
00000000000111110000000000000000
00000000000001111100000000000000
00000000000000111010000000000000
00000000000000011111000000000000
00000000000000000110100000000000
00000000000000000111000000000000
00000000000000000011100000000000
00000000000000000001110000000000
00000000000000000001110000000000
00000000000000000001110000000000
00000000000000000001110000000000
00000000000000000111110000000000
00000000000100011111110000000000
00000000001111101111000000000000
00000000001011111110000000000000
00000000001011110000000000000000
