00000000000000000000001100000000
00000000000000000000111100000000
00000000000000000111111110000000
00000001000000011011111100000000
00000001000001111111101000000000
00000011110011011111000000000000
00000011110011111000000000000000
00000011110111110000000000000000
00000011110001000000000000000000
00000011110000000000000000000000
00000011100000000000000000000000
00000001111000000000000000000000
00000001111000000000000000000000
00000001111000000000000000000000
00000001111000000000000000000000
00000000111100000000000000000000
00000000111100000000000000000000
00000000111110000000000000000000
00000000011111000000000000000000
00000000000111000000000000000000
00000000001110100000000000000000
00000000000111100000000000000000
00000000000111110000000000000000
00000000000011010000000000000000
00000000000000110000000000000000
00000000000001111000000000000000
00000000000000010100000000000000
00000000000000110000000000000000
00000001111101111100000000000000
00000001111111111000000000000000
00000001111111110000000000000000
00000001111111100000000000000000
