00000000000010110000000000000000
00000000000011110000000000000000
00000000000111110000000000000000
00000000001111000000000000000000
00000000001111000000000001110000
00000000001110000000111111110000
00000000001110000011101111110000
00000000001110011111111110000000
00000000001111011111100000000000
00000000001111111110000000000000
00000000001110110000000000000000
00000000000111000000000000000000
00000000001111000000000000000000
00000000000111000000000000000000
00000000000111000000000000000000
00000000000011100000000000000000
00000000000001110000000000000000
00000000000011110000000000000000
00000000000001111000000000000000
00000000000000111000000000000000
00000000000000111100000000000000
00000000000000011010000000000000
00000000000000001111000000000000
00000000000000001011000000000000
00000000000000000111000000000000
00000000000000000011100000000000
00000000000000000011110000000000
00000000000000000011110000000000
00000000000000000011110000000000
00000011111111111111000000000000
00000011111111111110100000000000
00000011111111111000000000000000
