00000000000000000000000000000010
00000000000000000000000111111010
00111100000000000001111111111110
00111100000000001111101111110110
00111100000011111111111111100000
00111100011111111111110000000000
00111101110111111110000000000000
00111111111111000000000000000000
00111101011000000000000000000000
00111111100000000000000000000000
00111100000000000000000000000000
00011110000000000000000000000000
00011110000000000000000000000000
00011110000000000000000000000000
00001111000000000000000000000000
00001111000000000000000000000000
00000111100000000000000000000000
00000011110000000000000000000000
00000011111000000000000000000000
00000001110100000000000000000000
00000000111100000000000000000000
00000000111100000000000000000000
00000000001110000000000000000000
00000000001111000000000000000000
00000000001011000000000000000000
00000000000111100000000000000000
00000000001111100000000000000000
00000111111110000000000000000000
11111111111110000000000000000000
11111111111110000000000000000000
01111111100000000000000000000000
01100000000000000000000000000000
