00000000001100000000000000000000
00000000010100000000000111000000
00000000011100000000011111000000
00000000011100000001111111000000
00000000011100000110111100000000
00000000011100010111111000000000
00000000011100111111000000000000
00000000011101111110000000000000
00000000011111111000000000000000
00000000011111100000000000000000
00000000001111000000000000000000
00000000011110000000000000000000
00000000011110000000000000000000
00000000001110000000000000000000
00000000001101000000000000000000
00000000000111000000000000000000
00000000000110100000000000000000
00000000000011100000000000000000
00000000000001110000000000000000
00000000000001111000000000000000
00000000000000010000000000000000
00000000000000111100000000000000
00000000000000111100000000000000
00000000000000011100000000000000
00000000000000011100000000000000
00000000000000011100000000000000
00000000000000111100000000000000
00000000000011111000000000000000
00000001111111100000000000000000
00000011111111100000000000000000
00000011111110000000000000000000
00000011110000000000000000000000
