00000000000000000000000000101100
00000000000000000000111111111100
00000000110000011111111111011000
00000000111011111111111011000000
00000000111111111110000000000000
00000000111111100000000000000000
00000001111100000000000000000000
00000001111000000000000000000000
00000001110000000000000000000000
00000001110000000000000000000000
00000001110000000000000000000000
00000001110000000000000000000000
00000000100000000000000000000000
00000001100000000000000000000000
00000001100000000000000000000000
00000001100000000000000000000000
00000001100000000000000000000000
00000001111000000000000000000000
00000001111111011000000000000000
00000001111111111111111000000000
00000000000111111111111110000000
00000000000000000111111100000000
00000000000000000000000100000000
00000000000000000000000011000000
00000000000000000000000111000000
00000000000000000000000111000000
00000000000000000000000111000000
00000000000000000000000111000000
00001111000000000000001111000000
00001111111111111111111110000000
00010110111111111111111000000000
00000000111111111111111000000000
