00000000000000000000000000011000
00000000000000000000000111111100
00000001111000000001111011111000
00000000111000000111111111110000
00000000111100001111111111100000
00000000111110111111111000000000
00000000101101111110000000000000
00000000111101101000000000000000
00000000011101100000000000000000
00000000011110000000000000000000
00000000011110000000000000000000
00000000011110000000000000000000
00000000011110000000000000000000
00000000011110000000000000000000
00000000011110000000000000000000
00000000001110000000000000000000
00000000001111000000000000000000
00000000000011000000000000000000
00000000001111000000000000000000
00000000001011000000000000000000
00000000000111100000000000000000
00000000000111100000000000000000
00000000000011100000000000000000
00000000000001100000000000000000
00000000000010111000000000000000
00000000000001110100000000000000
00000000000000111100000000000000
00000000000000010100000000000000
00011111111111111111000000000000
00111111111111111111000000000000
00011111111111111100000000000000
00010111111111011100000000000000
