00000000000000000000000000000000
00000000000001010000000000000000
00000000000011111000000000000000
00000000000110100000000000000000
00000010011111000000000000000000
00000011111110000000000000000000
00000111111000000000000000000000
00000111110000000000000000000000
00000111100000000000000000000000
00000111100000000000000000000000
00000111000000000000000000000000
00000111000000000000000000000000
00000001000000000000000000000000
00000011110000000000000000000000
00000010111100000000000000000000
00000001011111110000000000000000
00000000101101111111100000000000
00000000000111111111111100000000
00000000000000001111111111000000
00000000000000000000011110000000
00000000000000000000000110000000
00000000000000000000000011100000
00000000000000000000000011100000
00000000000000000000000011100000
00000000000000000000000110000000
00000000000000000000000101000000
00000000000000000000011111000000
00000000000000000000111110000000
00000000000000000111111100000000
00000000000000011111100000000000
00000000000001111111000000000000
00000000000000011000000000000000
