00000000000000000000000000000000
00000001110111000011100000000000
00000011111111111111100000000000
00001011111111111111100000000000
00001111111111111100000000000000
00001111111100000000000000000000
00001111100000000000000000000000
00001110000000000000000000000000
00011110000000000000000000000000
00001010000000000000000000000000
00011100000000000000000000000000
00011100000000000000000000000000
00011110000000000000000000000000
00001101000000000000000000000000
00001111110000000000000000000000
00000111111100000000000000000000
00000001111111110000000000000000
00000000111111111111000000000000
00000000000110111111110000000000
00000000000000111111111111000000
00000000000000000011011011100000
00000000000000000000001111111000
00000000000000000000000001110000
00000000000000000000000000111000
00000000000000000000000000111000
00000000000000000000000000111000
00000000000000000000000001001000
00000000000000000000000011110000
00000000001110000001111111100000
00000000001111111111111111100000
00000000010111111111111110000000
00000000000111111111100000000000
