00000000000000000000111000000000
00000000000000000011111000000000
00000000000000000011111000000000
00000000000011000111100000000000
00000000000111111110000000000000
00000000000111111100000000000000
00000000011111111000000000000000
00000000001101110000000000000000
00000000111111000000000000000000
00000000111111000000000000000000
00000000111111000000000000000000
00000000111111000000000000000000
00000000001000000000000000000000
00000000011100000000000000000000
00000000010110000000000000000000
00000000011110000000000000000000
00000000001111000000000000000000
00000000000111100000000000000000
00000000000011110000000000000000
00000000000001111000000000000000
00000000000000011110000000000000
00000000000000011111000000000000
00000000000000000111000000000000
00000000000000000111110000000000
00000000000000000000110000000000
00000000000000000000100000000000
00000000000000000000011100000000
00000000000000000000011100000000
00000000000000000000111100000000
00000000000000111111110000000000
00000000000000111111010000000000
00000000000000111111000000000000
