00000000000000000000100000000000
00000000000000000001100000000000
00000000000000000111100000000000
00000000001100001111000000000000
00000000011100011110000000000000
00000000011100011000000000000000
00000000011000111000000000000000
00000000011000010000000000000000
00000000011001110000000000000000
00000000011001000000000000000000
00000000011011100000000000000000
00000000011111100000000000000000
00000000011100000000000000000000
00000000001100000000000000000000
00000000001110000000000000000000
00000000000111000000000000000000
00000000000111100000000000000000
00000000000011110000000000000000
00000000000001111000000000000000
00000000000000101100000000000000
00000000000000011111000000000000
00000000000000000111110000000000
00000000000000000000101000000000
00000000000000000000111000000000
00000000000000000000011000000000
00000000000000000000011000000000
00000000000000000000010000000000
00000000000000000001110000000000
00000000000000000011110000000000
00000000000000000111100000000000
00000000000000001111000000000000
00000000000000011100000000000000
