00000001010000001010110000000000
00000001011011101111110000000000
00000111111111111111110000000000
00001111111111111110000000000000
00001111111100000000000000000000
00001111000000000000000000000000
00000011000000000000000000000000
00001110000000000000000000000000
00001110000000000000000000000000
00001110000000000000000000000000
00001111000000000000000000000000
00000111100000000000000000000000
00000011100000000000000000000000
00000010111100000000000000000000
00000001111111100000000000000000
00000000011111110000000000000000
00000000000111111111000000000000
00000000000001111111110000000000
00000000000000001111111100000000
00000000000000000001111111000000
00000000000000000000011111100000
00000000000000000000000010100000
00000000000000000000000001110000
00000000000000000000000000101000
00000000000000000000000000111000
00000000000000000000000000111000
00000000000000000000000111100000
00000000000000000000111111111000
00000000000000001111111111100000
00000000000000101111110110000000
00000000000000001111000000000000
00000000000000001100000000000000
