00000000000000000000000000000000
00000000000000001100000000000000
00000000000001110100000000000000
00000000001111110000000000000000
00000000111111000000000000000000
00000001111111000000000000000000
00000011111000000000000000000000
00000010100000000000000000000000
00000011000000000000000000000000
00000111000000000000000000000000
00000011100000000000000000000000
00000011110000000000000000000000
00000001110000000000000000000000
00000000111000000000000000000000
00000000111100000000000000000000
00000000011100000000000000000000
00000000001110000000000000000000
00000000001111000000000000000000
00000000000111100000000000000000
00000000000011111000000000000000
00000000000001111110000000000000
00000000000000111111110000000000
00000000000000000111111100000000
00000000000000000001111101000000
00000000000000000000011010000000
00000000000000000000000111100000
00000000000000000000000011100000
00000000000000000000000011100000
00000000000000000000011111000000
00000000000001111111111110000000
00000000000001111111111100000000
00000000000001111111100000000000
