00000000010000000000000000000000
00000000101000000000000000000000
00000001111000000000110111100000
00000001110000111111110111100000
00000001110101111111101111100000
00000011111111111111111000000000
00000011111011111000000000000000
00000001110100000000000000000000
00000011110000000000000000000000
00000011100000000000000000000000
00000011100000000000000000000000
00000001000000000000000000000000
00000001110000000000000000000000
00000000111000000000000000000000
00000000111110000000000000000000
00000000111111000000000000000000
00000000001111110000000000000000
00000000000111111100000000000000
00000000000001111110000000000000
00000000000000011111000000000000
00000000000000001011000000000000
00000000000000000111111000000000
00000000000000000000111100000000
00000000000000000000111100000000
00000000000000000000001010000000
00000000000000000000011110000000
00000000000000000000001110000000
00000000000000000000011110000000
00000000000000000011111100000000
00000000111111111111111100000000
00000000111111111111111000000000
00000000111111111011100000000000
