00000000000000000000000001100000
00000111000000000000001110100000
00000111000000000000111111100000
00000111100000000111111110000000
00000011100000011111101000000000
00000001110001011111100000000000
00000001110010111100000000000000
00000001111111110000000000000000
00000000111111100000000000000000
00000000111110000000000000000000
00000000011110000000000000000000
00000000000110000000000000000000
00000000001111000000000000000000
00000000000111100000000000000000
00000000000011010000000000000000
00000000000001111000000000000000
00000000000001110000000000000000
00000000000000111100000000000000
00000000000000011010000000000000
00000000000000001110000000000000
00000000000000001110000000000000
00000000000000000111000000000000
00000000000000000011100000000000
00000000000000000011110000000000
00000000000000000001110000000000
00000000000000000001111000000000
00000000000000000000100000000000
00000000000000000000011100000000
00000000000000000000011100000000
00000011111111111111100000000000
00000011111111111111110000000000
00000111111111111110100000000000
