00000000000100000000000000000000
00000000001110000000000000000000
00000000001110000000001000000000
00000000011100000000111000000000
00000000011100000001111000000000
00000000111000000011110000000000
00000000111000000111100000000000
00000000111000001111000000000000
00000000111000011110000000000000
00000000111000011000000000000000
00000000111000111000000000000000
00000000011000111000000000000000
00000000111000111000000000000000
00000000011100000000000000000000
00000000011100000000000000000000
00000000001110000000000000000000
00000000001111000000000000000000
00000000000111100000000000000000
00000000000011110000000000000000
00000000000001110000000000000000
00000000000000011110000000000000
00000000000000011111000000000000
00000000000000000111100000000000
00000000000000000001110000000000
00000000000000000000110100000000
00000000000000000000011100000000
00000000000000000000011100000000
00000000000000000000111000000000
00000000000000000001110000000000
00000000000000000111100000000000
00000000000000000101000000000000
00000000000000000110000000000000
