00000001100000000000000000000000
00000011100000000000000000000000
00000011100000000000000000000000
00000011100000000000111110000000
00000011100000000110111111000000
00000011100000111111111000000000
00000011100011111111000000000000
00000001110111110000000000000000
00000001111111000000000000000000
00000000011100000000000000000000
00000000111100000000000000000000
00000000011100000000000000000000
00000000001110000000000000000000
00000000000110000000000000000000
00000000000111000000000000000000
00000000000011100000000000000000
00000000000001110000000000000000
00000000000000111000000000000000
00000000000000011100000000000000
00000000000000011110000000000000
00000111000000001110000000000000
00000101000000000111000000000000
00000111000000000011000000000000
00000111000000000011100000000000
00000011100000000011100000000000
00000001000000000011100000000000
00000011100000000011100000000000
00000001100000011111000000000000
00000001111101111111000000000000
00000000011111111000000000000000
00000000111111000000000000000000
00000000000000000000000000000000
