00000000000000000000000011111100
00000000011000000111111111111100
00000000111001111111111111111100
00000000111111111111111111101000
00000000111111111111100000000000
00000001111111100000000000000000
00000000110000000000000000000000
00000001110000000000000000000000
00000001110000000000000000000000
00000000110000000000000000000000
00000011110000000000000000000000
00000011110000000000000000000000
00000001011000000000000000000000
00000000111110000000000000000000
00000000011111100000000000000000
00000000011111111000000000000000
00000000000111101100000000000000
00000000000001111111000000000000
00000000000000011111110000000000
00000000000000001111111000000000
00000000000000000011111110000000
00111100000000000000111110000000
00111100000000000000011110000000
00111100000000000000001110000000
00111100000000000000000111000000
00111100000000000000000111100000
00111100000000000000000111100000
00111100000000000000000111100000
00111100000000000010111111000000
00111111111111111111111111000000
00011111111111111101111010000000
00001111111111111101100000000000
