00000000011000000000000000000000
00000000011110000000000000000000
00000000011110011111111111111110
00000000011101111111111111111110
00000000111111111111111111111110
00000000111111111111111111111110
00000000111100000000000000000000
00000001111000000000000000000000
00000001111000000000000000000000
00000001110000000000000000000000
00000011110000000000000000000000
00000011110000000000000000000000
00000011100000000000000000000000
00000000110000000000000000000000
00000001111100000000000000000000
00000000111110000000000000000000
00000000011111100000000000000000
00000000001111110000000000000000
00000000000011111100000000000000
00000000000000111010000000000000
01111000000000011111100000000000
01111000000000001111100000000000
00110000000000000010111000000000
00010000000000000001110100000000
00011000000000000000011000000000
00011000000000000000011100000000
00110000000000000000001100000000
00110000000000000000001110000000
00011100000000011011110000000000
00011111111111111111110000000000
00000111111111111111111000000000
00001111111111111000000000000000
