00000000000000000000010011110000
00000000000000000111111111110000
00000000001111011111111011110000
00000000001111111011110000000000
00000000000111111100000000000000
00000000000111110000000000000000
00000000000111100000000000000000
00000000000111100000000000000000
00000000000111100000000000000000
00000000000011100000000000000000
00000000000011100000000000000000
00000000000011110000000000000000
00000000000001110000000000000000
00000000000001110000000000000000
00000000000001111000000000000000
00000000000001111000000000000000
00000000000000111000000000000000
00000000000000111100000000000000
00000000000000111100000000000000
00000000000000011110000000000000
00000000000000011110000000000000
00000000000000001111000000000000
00000000000000001111000000000000
00000000000000000101100000000000
00000000000000000011100000000000
00000000000000000001110000000000
00000000000000000001100000000000
00000000000000000001111000000000
00000111111111111111100000000000
00001111011111111111110000000000
00001111111111111110100000000000
00001111100000000000000000000000
