00000000000000000000001100000000
00000000000001100000110000000000
00000000000011100111111100000000
00000000000111111111111100000000
00000000001111011111110000000000
00000000001111110110000000000000
00000000001111111000000000000000
00000000001111100000000000000000
00000000011110000000000000000000
00000000011110000000000000000000
00000000011110000000000000000000
00000000011110000000000000000000
00000000011110000000000000000000
00000000001110000000000000000000
00000000001110000000000000000000
00000000001110000000000000000000
00000000001111000000000000000000
00000000001011000000000000000000
00000000000111000000000000000000
00000000000011100000000000000000
00000000000011110000000000000000
00000000000011110000000000000000
00000000000000111000000000000000
00000000000001010100000000000000
00000000000000111100000000000000
00000000000000011110000000000000
00000000000000011010000000000000
00000000000000000110000000000000
00000000110000001111000000000000
00000000111111111110000000000000
00000000111111111100000000000000
00000000110111110100000000000000
