00000000000000001000000000000000
00000000000000000000000000000000
00000000000000011100000000000000
00000000000000011100000000000000
00000000000000111000000000000010
00000000000001111000000111111000
00000000000000110000011011111101
00000000000011110101111111111000
00000000000010110111010100000000
00000000000011111101100000000000
00000000000011110100000000000000
00000000000011100000000000000000
00000000000011100000000000000000
00000000000011100000000000000000
00000000000001100000000000000000
00000000000011110000000000000000
00000000000001110000000000000000
00000000000001111000000000000000
00000000000000011110000000000000
00000000000000011111000000000000
00000000000000001111110000000000
00000000000000000011111000000000
00000000000000000001111110000000
00000000000000000000011111000000
00000000000000000000001111000000
00000000000000000000000111000000
00000000000000000000000111000000
00000000000000000000000111000000
11111000000000000000110110000000
01111111111111111111111010000000
00111111111111111111111000000000
00000111111111111111000000000000
