00000000000000000000000001100000
00000000000000000000000111100000
00000000000000000000011110110000
00000000000000000111111111100000
00000000000110001111110100000000
00000000000110011111100000000000
00000000011111111100000000000000
00000000011111110000000000000000
00000000011111110000000000000000
00000000011111000000000000000000
00000000011100000000000000000000
00000000011100000000000000000000
00000000011110000000000000000000
00000000010110000000000000000000
00000000001111000000000000000000
00000000001111000000000000000000
00000000000111100000000000000000
00000000000111100000000000000000
00000000000011100000000000000000
00000000000011110000000000000000
00000000000011110000000000000000
00000000000000110000000000000000
00000000000000110000000000000000
00000000000001110000000000000000
00000000000001110000000000000000
00000000000011110000000000000000
00000000001111100000000000000000
00000001011110100000000000000000
00000111111110000000000000000000
00001101111000000000000000000000
00000111000000000000000000000000
00000000000000000000000000000000
