00000000000000000000000000000001
00000000000000110000000000000001
00000000000000110000000000000001
00000000000001100000000000000001
00000000000001110000010111000001
00000000000001110001111110000001
00000000000001100011111100000001
00000000000001101111100000000001
00000000000001111110000000000001
00000000000001101000000000000001
00000000000001100000000000000001
00000000000011100000000000000001
00000000000011100000000000000001
00000000000011100000000000000001
00000000000011100000000000000001
00000000000011100000000000000001
00000000000001100000000000000001
00000000000001100000000000000001
00000000000000100000000000000001
00000000000001110000000000000001
00000000000000100000000000000001
00000000000000010000000000000001
00000000000000101000000000000001
00000000000000011100000000000001
00000000000000001100000000000001
00000000000000000110000000000001
00000000000000000111000000000001
00000000000000000011100000000001
00000000000000001111000000000001
00000011111111110110000000000001
00000011111111111100000000000001
00000011111011100000000000000001
