00000000000001000000000000000000
00000000000010111000001101100000
00000000000011111001101101100000
00000000000011110111111111100000
00000000000011110111110111100000
00000000000011110001110000000000
00000000000011110010000000000000
00000000000011110000000000000000
00000000000011110000000000000000
00000000000011110000000000000000
00000000000001110000000000000000
00000000000010110000000000000000
00000000000011111000000000000000
00000000000001101000000000000000
00000000000001111100000000000000
00000000000000111100000000000000
00000000000000111010000000000000
00000000000000011111100000000000
00000000000000000111100000000000
00000000000000000011111000000000
00000000000000000011110100000000
00000000000000000001111110000000
00000000000000000000111100000000
00000000000000000000010111000000
00000000000000000000001111000000
00000000000000000000000111100000
00000000000000000000000111100000
00000000000000000000010111100000
00000001111111111111111110000000
00000111111111111111111110000000
00000001111111111101111110000000
00000001111111111101110000000000
