00000000000000010000000000000000
00000000000001110000000000000000
00000000000011110000000000000000
00000000000011100000000000000000
00000000000011100000000000000000
00000000000011100000000011000000
00000000000011100000110111000000
00000000000011101111111111000000
00000000000011111111111000000000
00000000000011111110000000000000
00000000000011100000000000000000
00000000000011100000000000000000
00000000000011110000000000000000
00000000000001110000000000000000
00000000000000111000000000000000
00000000000000111100000000000000
00000000000000011100000000000000
00000000000000001110000000000000
00000000000000001110000000000000
00000000000000000111000000000000
00000000000000000111100000000000
00000000000000000011110000000000
00000000000000000001110000000000
00000000000000000001111000000000
00000000000000000000111000000000
00000000000000000000111100000000
00000000000000000000011100000000
00000000000000000000011100000000
00000001000000000000110000000000
00000011111111111111111000000000
00000011111111111111111000000000
00000000111111111111100000000000
