00000000000000000000000000000000
00000001100000000000000000000000
00000001110000000000000000000000
00000000110000000000000000000000
00000011100000000000011111100000
00000011100000001110111111100000
00000011100001111111111011100000
00000111001111111111100000000000
00000111011111110000000000000000
00000111011110000000000000000000
00000111000000000000000000000000
00000111000000000000000000000000
00000111000000000000000000000000
00000111000000000000000000000000
00000111000000000000000000000000
00000111000000000000000000000000
00000111000000000000000000000000
00000111000000000000000000000000
00000111000000000000000000000000
00000101111100000000000000000000
00000001111111110000000000000000
00000001111111111110100000000000
00000000000111111111110000000000
00000000000000000011111000000000
00000000000000000000111110000000
00000000000000000000001110000000
00000000000000000000001110000000
00000000000000000001111100000000
00000000011001111111111000000000
00000000111111111111111000000000
00000000111111111110000000000000
00000000001111000000000000000000
