00000000000000101000000000000000
00000000000001011000000000000000
00000000000001111000000000000000
00000000000011110000000000000000
00000000000001100000000000000000
00000000000011100000000111101110
00000000000011100001101111111110
00000000000011111111111111111110
00000000000011111111111111100000
00000000000011110111000000000000
00000000000011110000000000000000
00000000000011100000000000000000
00000000000011100000000000000000
00000000000011110000000000000000
00000000000001110000000000000000
00000000000001110000000000000000
00000000000000111000000000000000
00000000000000110100000000000000
00000000000000011110000000000000
00000000000000010111000000000000
00000000000000001111100000000000
00000000000000000111110000000000
00000000000000000011110000000000
00000000000000000001111000000000
00000000000000000000111100000000
00000000000000000000111100000000
00000000000000000000001110000000
00000000000000000000001110000000
01111000000000000000001110000000
00011111111111111111111110000000
00001111111111111111111100000000
00001111111111111111111000000000
