00000000100000000000000000000100
00000011100000000000000000000100
00000011100000000000000000000100
00000011100000000000000000101100
00000011100000000000000111111100
00000011100000000001111111111100
00000011100000000111111111000100
00000011100000011111110000000100
00000011100001111111000000000100
00000001100011111100000000000100
00000011110111110000000000000100
00000000111111000000000000000100
00000001111010000000000000000100
00000000111000000000000000000100
00000000111100000000000000000100
00000000011110000000000000000100
00000000001111000000000000000100
00000000000111100000000000000100
00000000000011100000000000000100
00000000000011110000000000000100
00000000000001111000000000000100
00000000000000111000000000000100
00000000000000011110000000000100
00000000000000000110000000000100
00000000000000000010000000000100
00000000000000000100000000000100
00000000000000000011000000000100
00000000000000001111000000000100
00000000000011111101000000000100
00011111111111111010000000000100
00011111111111111000000000000100
00011101101100000000000000000100
