00000000000000000000000000010000
00010000000000000000111011111100
00011000000000000110111111111100
00111100000001101111111111110000
00111000000111111111110000000000
00111000001111111100000000000000
00111000011110100000000000000000
00111000000000000000000000000000
00111000000000000000000000000000
00111000000000000000000000000000
00011100000000000000000000000000
00101110000000000000000000000000
00011111100000000000000000000000
00000111110000000000000000000000
00000001111010000000000000000000
00000001101101100000000000000000
00000000011111111100000000000000
00000000000111111110000000000000
00000000000000011111010000000000
00000000000000001111110000000000
00000000000000000001111100000000
00000000000000000000111100000000
00000000000000000000011100000000
00000000000000000000011100000000
00000000000000000000011100000000
00000000000000000000011100000000
00000000000000000000011100000000
00000000000000000011110100000000
00000000000001111111111000000000
00000000011111111111100000000000
00000000011111111111100000000000
00000000011111100000000000000000
