00000000000010000000000000000000
00000000000011000000000000000000
00000000000111000000001110000000
00000000000111000000111110000000
00000000000111000001101110000000
00000000000111001111100000000000
00000000000111111111000000000000
00000000000110110100000000000000
00000000000110111000000000000000
00000000000110100000000000000000
00000000000110000000000000000000
00000000000110000000000000000000
00000000000111000000000000000000
00000000000111000000000000000000
00000000000111000000000000000000
00000000000011100000000000000000
00000000000011110000000000000000
00000000000001100000000000000000
00000000000001111000000000000000
00000000000000011000000000000000
00000000000000011110000000000000
00000000000000001110000000000000
00000000000000001110000000000000
00000000000000000111000000000000
00000000000000000011000000000000
00000000000000000011000000000000
00000000000000001111000000000000
00000000000000111111000000000000
00000000000001111111100000000000
00000001111111111111100000000000
00000001111111111111100000000000
00000001111111111100000000000000
