00000000000000000000000000011100
00000000000000000000011111011100
00000000000000000111111111101100
00000000000000111111111111101100
00000000000111111111111100000000
00000000111111111111000000000000
00000010111111110000000000000000
00000111101110000000000000000000
00011111110000000000000000000000
00010111000000000000000000000000
00011110000000000000000000000000
00011111100000000000000000000000
00001111110000000000000000000000
00000011111000000000000000000000
00000001111111000000000000000000
00000000011111100000000000000000
00000000001010110000000000000000
00000000000011111100000000000000
00000000000001111110000000000000
00000000000000111111000000000000
00000000000000001111110000000000
00000000000000000111111000000000
00000000000000000001111000000000
00000000000000000000011100000000
00000000000000000000011100000000
00000000000000000000011100000000
00000000000000000001111000000000
00000000000000000111111000000000
00001000000000111111110000000000
00111111111111111111000000000000
00011111111111111110000000000000
00001111111110110000000000000000
