00000000000000000000000110000000
00000000000000000000001110000000
00000000000000000000110010000000
00000000000000000001111100000000
00000000000000000011111000000000
00000000000000000111110000000000
00000000000000001111000000000000
00000000000000001110000000000000
00000000000000111100000000000000
00000000000001111000000000000000
00000000000011110000000000000000
00000000000111110000000000000000
00000000000111100000000000000000
00000000001111000000000000000000
00000000011110000000000000000000
00000000011110000000000000000000
00000000001100000000000000000000
00000000111000000000000000000000
00000000111110000000000000000000
00000000111111111000000000000000
00000001110111111010000000000000
00000001110001111110000000000000
00000001110000001111100000000000
00000001110000000011100000000000
00000001110000000011000000000000
00000000010000000011110000000000
00000001110000000011110000000000
00000000111000000011000000000000
00000000011100001111000000000000
00000000011111111111000000000000
00000000001111111110000000000000
00000000000111110000000000000000
