00000000000000000000000011000000
00000000000000000000011111000000
00000000000000000000111111000000
00000000000000000001111100000000
00000000000000000011111000000000
00000000000000000111100000000000
00000000000000000110000000000000
00000000000000001111000000000000
00000000000000011110000000000000
00000000000000011100000000000000
00000000000000111000000000000000
00000000000000111000000000000000
00000000000011110000000000000000
00000000000011101000000000000000
00000000000111111110000000000000
00000000000111011110000000000000
00000000001111001111000000000000
00000000000110000111000000000000
00000000011110000111000000000000
00000000011100000111000000000000
00000000111000000111000000000000
00000000011100000001000000000000
00000001111000000111000000000000
00000001110000000111000000000000
00000001110000000111000000000000
00000000100000001111000000000000
00000011100000011110000000000000
00000011100000011010000000000000
00000011100001111100000000000000
00000011111111111000000000000000
00000000011111110000000000000000
00000000011111000000000000000000
