00000000000000000000000000000000
00000000000000110000000000000000
00000000000000111000000000000000
00000000000000110000000000000000
00000000000001110000000000000000
00000000000001100000000000000000
00000000000011100000000000000000
00000000000001100000000000000000
00000000000011000000000000000000
00000000000111000000000000000000
00000000000111000000000000000000
00000000000100000000000000000000
00000000001110100000000000000000
00000000001101110000000000000000
00000000001111110000000000000000
00000000001100011100000000000000
00000000001100001110000000000000
00000000001100001110000000000000
00000000011100000110000000000000
00000000011100000011100000000000
00000000011100000011000000000000
00000000011100000001110000000000
00000000011100000000110000000000
00000000001100000000111000000000
00000000001110000000111000000000
00000000000110000000111000000000
00000000000111000000111000000000
00000000000011000000100000000000
00000000000001100001110000000000
00000000000001100111100000000000
00000000000001011111000000000000
00000000000000011110000000000000
