00000000000001000000000000000000
00000000000011100000000000000000
00000000000111100000000000000000
00000000001111000000000000000000
00000000010110000000000000000000
00000000111100000000000000000000
00000000111000000000000000000000
00000001111000000000000000000000
00000011110000000000000000000000
00000011100000000000000000000000
00000011100000000000000000000000
00000011100000000000000000000000
00000001000000000000000000000000
00000111000000000000000000000000
00000111000000000000000000000000
00000111111000000000000000000000
00000111111011000000000000000000
00000111111011110100000000000000
00000111000111101110000000000000
00000110000000011111100000000000
00000011100000000111110000000000
00000011100000000001111000000000
00000001110000000000111100000000
00000000110000000000011110000000
00000001111000000000001111000000
00000000111000000000000100000000
00000000111100000000000011100000
00000000010110000000000011100000
00000000011100000000000111100000
00000000001111111111111110000000
00000000000011111111111100000000
00000000000001111111111000000000
