00000000000000000100000000000000
00000000000000001110000000000000
00000000000000011110000000000000
00000000000000011000000000000000
00000000000000111000000000000000
00000000000001110000000000000000
00000000000001110000000000000000
00000000000011100000000000000000
00000000000011100000000000000000
00000000000111000000000000000000
00000000000110000000000000000000
00000000000110000000000000000000
00000000011100000000000000000000
00000000011110000000000000000000
00000000001111000000000000000000
00000000011111110000000000000000
00000000011100111000000000000000
00000000011100011000000000000000
00000000011100001110000000000000
00000000011100000111000000000000
00000000011100000011100000000000
00000000001100000001100000000000
00000000001110000001110000000000
00000000001110000000110000000000
00000000001110000000010000000000
00000000000110000000011000000000
00000000000010000000011000000000
00000000000111000000011000000000
00000000000011100000011000000000
00000000000001010000111000000000
00000000000001101111111000000000
00000000000000101110100000000000
