00000000000000000000100000000000
00000000000000000001100000000000
00000000000000000011110000000000
00000000000000000111100000000000
00000000000000001111000000000000
00000000000000011110000000000000
00000000000000111100000000000000
00000000000000111000000000000000
00000000000001110000000000000000
00000000000011110000000000000000
00000000000111100000000000000000
00000000001111000000000000000000
00000000011110000000000000000000
00000000011100000000000000000000
00000000110100000000000000000000
00000000111000000000000000000000
00000001111100000000000000000000
00000001011111011000000000000000
00000001011110111111000000000000
00000011100000101111100000000000
00000011100000000101100000000000
00000011100000000001011000000000
00000011100000000000011110000000
00000011100000000000001111000000
00000011110000000000000110000000
00000001110000000000000111000000
00000000111000000000000111000000
00000000111100000000001110000000
00000000011110000000111111000000
00000000001111111111111100000000
00000000000111111111110000000000
00000000000010111111100000000000
