00000000000000100000000000000000
00000000000001110000000000000000
00000000000011110000000000000000
00000000000111100000000000000000
00000000001111000000000000000000
00000000011110000000000000000000
00000000111100000000000000000000
00000000111000000000000000000000
00000001110000000000000000000000
00000001000000000000000000000000
00000011100000000000000000000000
00000011000000000000000000000000
00000111000000000000000000000000
00000111000000000000000000000000
00000110000000000000000000000000
00000111000000000000000000000000
00000111000000000000000000000000
00000111000000000000000000000000
00000111000000000000000000000000
00000111111101111000000000000000
00000111011111111111000000000000
00000111000110011111110000000000
00000111000000000011111110000000
00000011100000000000011101000000
00000011100000000000000111000000
00000001110000000000000011000000
00000000111000000000000001100000
00000000110100000000000001000000
00000000011111000000001111100000
00000000001111100011111110000000
00000000000011111111111100000000
00000000000000101111100000000000
