00000000000000000000000000000000
00000000000000011000000000000000
00000000000000111100000000000000
00000000000000111000000000000000
00000000000001111000000000000000
00000000000001110000000000000000
00000000000011100000000000000000
00000000000111100000000000000000
00000000000011000000000000000000
00000000000111000000000000000000
00000000001110000000000000000000
00000000001110000000000000000000
00000000001100000000000000000000
00000000001110000000000000000000
00000000001110000000000000000000
00000001111110000000000000000000
00000011111110000000000000000000
00000000111111100000000000000000
00000000001111111000000000000000
00000000000111111110000000000000
00000000000110111111000000000000
00000000001100000111110000000000
00000000000111000010110000000000
00000000000111000000111100000000
00000000000111100000011100000000
00000000000011100000001100000000
00000000000010010000001110000000
00000000000001110000000111000000
00000000000000011100000111000000
00000000000000011111111111000000
00000000000000000111111100000000
00000000000000000011111000000000
