00000000000000000001110000000000
00000000000000000011110000000000
00000000000000001111110000000000
00000000000000001111000000000000
00000000000000111100000000000000
00000000000001111000000000000000
00000000000010100000000000000000
00000000000111100000000000000000
00000000001111000000000000000000
00000000000110000000000000000000
00000000011100000000000000000000
00000000111000000000000000000000
00000000111000000000000000000000
00000000111110000000000000000000
00000000111111100000000000000000
00000001110011110000000000000000
00000001110001111100000000000000
00000000110000011100000000000000
00000001110000000111000000000000
00000001110000000011100000000000
00000000110000000011110000000000
00000000111000000000111000000000
00000000111000000000111100000000
00000000011000000000011100000000
00000000001110000000001100000000
00000000001111000000001100000000
00000000000111000000001110000000
00000000000011100000001110000000
00000000000001101000001110000000
00000000000000111111101000000000
00000000000000011111111100000000
00000000000000000011110000000000
