00000000000000110000000000000000
00000000000000111000000000000000
00000000000000110000000000000000
00000000000000110000000000000000
00000000000001110000000000000000
00000000000001110000000000000000
00000000000001100000000000000000
00000000000011100000000000000000
00000000000011100000000000000000
00000000000011100000000000000000
00000000000111000000000000000000
00000000000111000000000000000000
00000000000111000000000000000000
00000000000110000000000000000000
00000000001110000000000000000000
00000000001110000000000000000000
00000000001111100000000000000000
00000000001111110000000000000000
00000000000111011000000000000000
00000000001110011100000000000000
00000000001110001100000000000000
00000000001110001111000000000000
00000000001110000011000000000000
00000000001110000011100000000000
00000000001110000011110000000000
00000000001110000001110000000000
00000000001110000000110000000000
00000000000111000000110000000000
00000000000011100001110000000000
00000000000001111111100000000000
00000000000001011111000000000000
00000000000000111110000000000000
