00000000000000000010000000000000
00000000000000000111000000000000
00000000000000001111000000000000
00000000000000011100000000000000
00000000000000111000000000000000
00000000000001110000000000000000
00000000000011110000000000000000
00000000000111100000000000000000
00000000000111000000000000000000
00000000001110000000000000000000
00000000000100000000000000000000
00000000011100000000000000000000
00000000011100000000000000000000
00000000011110000000000000000000
00000000011011100000000000000000
00000000011111110000000000000000
00000000111001111100000000000000
00000000111000001110000000000000
00000000111000000111000000000000
00000000111000000111100000000000
00000000011000000011110000000000
00000000011100000000100000000000
00000000011000000000111000000000
00000000011100000000111000000000
00000000001110000000011000000000
00000000000100000000011100000000
00000000000010000000011100000000
00000000000111000000001000000000
00000000000011100000111000000000
00000000000011110001110000000000
00000000000000101111110000000000
00000000000000101111000000000000
