00000000000000000000000000000000
00000000001110000000000000000000
00000000001110000000000000000000
00000000011100000000000000000000
00000000011100000000000000000000
00000000111000000000000000000000
00000000111000000000000000000000
00000000111000000000000000000000
00000000110000000000000000000000
00000000110000000000000000000000
00000000110000000000000000000000
00000000110000000000000000000000
00000000110000000000000000000000
00000000110000000000000000000000
00000000110000000000000000000000
00000000110000000000000000000000
00000000111110000000000000000000
00000000111110100000000000000000
00000000111111110000000000000000
00000000011000111100000000000000
00000000011100011111000000000000
00000000011100000111100000000000
00000000001100000011100000000000
00000000001110000001111000000000
00000000001010000000011100000000
00000000000111000000000000000000
00000000000111000000001000000000
00000000000011100000001110000000
00000000000011100000001110000000
00000000000000110000001110000000
00000000000001111111111110000000
00000000000000101111111100000000
