00000000001100000000000000000000
00000000001100000000000000000000
00000000001100000000000000000000
00000000001100000000000000000000
00000000001100000000000000000000
00000000001100000000000000000000
00000000011100000000000000000000
00000000011100000000000000000000
00000000011100000000000000000000
00000000011000000000000000000000
00000000011000000000000000000000
00000000011000000000000000000000
00000000111000000000000000000000
00000000111000000000000000000000
00000000111000000000000000000000
00000000111000000000000000000000
00000000111111100000000000000000
00000000111111110000000000000000
00000000111011111110000000000000
00000000111000011111100000000000
00000000011000000101000000000000
00000000111000000011110000000000
00000000011100000000011000000000
00000000011100000000011000000000
00000000001110000000011000000000
00000000000111000000001100000000
00000000000111100000001100000000
00000000000011100000011100000000
00000000000001110000111100000000
00000000000000111111110000000000
00000000000000101111110000000000
00000000000000011110100000000000
