00000000000000000000100000000000
00000000000000000111100000000000
00000000000000000111100000000000
00000000000000001111000000000000
00000000000000011110000000000000
00000000000000111000000000000000
00000000000001111000000000000000
00000000000011110000000000000000
00000000000111100000000000000000
00000000000111000000000000000000
00000000001100000000000000000000
00000000001010000000000000000000
00000000011100000000000000000000
00000000111000000000000000000000
00000000111000000000000000000000
00000000010011000000000000000000
00000000110111110000000000000000
00000000010001111000000000000000
00000001110001111100000000000000
00000001110000011111000000000000
00000001110000001111100000000000
00000001110000000011110000000000
00000000111000000001111000000000
00000000111000000000111100000000
00000000111100000000011100000000
00000000011000000000001110000000
00000000011110000000001110000000
00000000001111000000000100000000
00000000000111100000011000000000
00000000000010101111000000000000
00000000000001111111101000000000
00000000000000001110000000000000
