00000000000000001000000000000000
00000000000000011000000000000000
00000000000000111100000000000000
00000000000000111000000000000000
00000000000001110000000000000000
00000000000011110000000000000000
00000000000011100000000000000000
00000000000111100000000000000000
00000000000111000000000000000000
00000000001011000000000000000000
00000000001110000000000000000000
00000000001110000000000000000000
00000000011101110000000000000000
00000000001110110000000000000000
00000000011101101100000000000000
00000000011100011000000000000000
00000000011000001110000000000000
00000000111000000111000000000000
00000000111000000010100000000000
00000000111000000001010000000000
00000000111000000000110000000000
00000000111100000000110000000000
00000000011100000000101000000000
00000000001100000000011100000000
00000000001110000000011100000000
00000000000110000000011100000000
00000000001110000000111000000000
00000000000010000001111000000000
00000000000001000011111000000000
00000000000011111111100000000000
00000000000001111111000000000000
00000000000000110110000000000000
