00000000000000000000100000000000
00000000000000000011100000000000
00000000000000000111100000000000
00000000000000001111000000000000
00000000000000011100000000000000
00000000000000111100000000000000
00000000000001111000000000000000
00000000000011110000000000000000
00000000000011100000000000000000
00000000000111000000000000000000
00000000001111000000000000000000
00000000011110000000000000000000
00000000011100000000000000000000
00000000111101000000000000000000
00000000111111100000000000000000
00000000011011111000000000000000
00000001110001101100000000000000
00000001110000001110000000000000
00000001110000001111000000000000
00000001110000000111100000000000
00000001110000000001110000000000
00000001110000000001010000000000
00000001110000000000111000000000
00000001110000000000011100000000
00000001110000000000011100000000
00000000111000000000001000000000
00000000111000000000001110000000
00000000011100000000001110000000
00000000011110000000001110000000
00000000000110111111111110000000
00000000000111111111111000000000
00000000000000111111110000000000
