00000000000000000001010000000000
00000000000000000011110000000000
00000000000000001111110000000000
00000000000000111011000000000000
00000000000001111100000000000000
00000000000011110000000000000000
00000000000111100000000000000000
00000000011111000000000000000000
00000000111100000000000000000000
00000000111000000000000000000000
00000000111000000000000000000000
00000001111010000000000000000000
00000011111110000000000000000000
00000011101111110000000000000000
00000011100001111100000000000000
00000011000000111111000000000000
00000011000000001111000000000000
00000011000000000111110000000000
00000011000000000001110100000000
00000011000000000000111100000000
00000001100000000000001110000000
00000011100000000000001111000000
00000001000000000000000011000000
00000001110000000000000011000000
00000001111000000000000011000000
00000000111000000000000011000000
00000000111110000000000011000000
00000000011111000000000111000000
00000000001111110000001111000000
00000000000001111111110010000000
00000000000000111111111100000000
00000000000000001111110000000000
