00000000000000000001111000000000
00000000000000000111111000000000
00000000000000001111111000000000
00000000000000111111000000000000
00000000000011111100000000000000
00000000000011110000000000000000
00000000001111000000000000000000
00000000011010000000000000000000
00000000111100000000000000000000
00000001111000000000000000000000
00000011110000000000000000000000
00000011100000000000000000000000
00000011110000000000000000000000
00000011111010000000000000000000
00000111110111100000000000000000
00000111000111111000000000000000
00000011000001111100000000000000
00000111000000011111000000000000
00000111000000000111110000000000
00000111000000000011111000000000
00000111000000000000111110000000
00000111000000000000011110000000
00000111000000000000000111000000
00000011100000000000000011100000
00000010110000000000000011100000
00000001110000000000000011000000
00000000111100000000000011100000
00000000011110000000000011100000
00000000001110100000000101100000
00000000000111110111110111000000
00000000000001101111111010000000
00000000000000010111100000000000
