00000000000000010000000000000000
00000000000000011000000000000000
00000000000000111000000000000000
00000000000001110000000000000000
00000000000001110000000000000000
00000000000011100000000000000000
00000000000011100000000000000000
00000000000111000000000000000000
00000000001111000000000000000000
00000000000110000000000000000000
00000000011100000000000000000000
00000000011100000000000000000000
00000000011000000000000000000000
00000000111000000000000000000000
00000000111000000000000000000000
00000000111111100000000000000000
00000000111010110000000000000000
00000000111001000000000000000000
00000000111000111110000000000000
00000000111000001111000000000000
00000000011100000011000000000000
00000000011110000011100000000000
00000000001110000001110000000000
00000000000111000000111000000000
00000000000011100000011000000000
00000000000011110000011100000000
00000000000001110000011100000000
00000000000000111000011100000000
00000000000000101100011100000000
00000000000000010111111100000000
00000000000000001111111000000000
00000000000000000011100000000000
