00000000000000000000010000000000
00000000000000000001110000000000
00000000000000000011110000000000
00000000000000000011100000000000
00000000000000000111000000000000
00000000000000001110000000000000
00000000000000011110000000000000
00000000000000111100000000000000
00000000000001110000000000000000
00000000000001111000000000000000
00000000000011100000000000000000
00000000000111100000000000000000
00000000000111000000000000000000
00000000000111000000000000000000
00000000001111100000000000000000
00000000001111100000000000000000
00000000011111110000000000000000
00000000011101100000000000000000
00000000011100110000000000000000
00000000011100111100000000000000
00000000011100011100000000000000
00000000011100011010000000000000
00000000001100001110000000000000
00000000001110000011100000000000
00000000001011000001100000000000
00000000000111000011110000000000
00000000000101100001100000000000
00000000000011100000111000000000
00000000000001111000110000000000
00000000000000011011110000000000
00000000000000010111110000000000
00000000000000000111000000000000
