00000000000001000000000000000000
00000000000011100000000000000000
00000000000011000000000000000000
00000000000111000000000000000000
00000000001111000000000000000000
00000000001110000000000000000000
00000000001100000000000000000000
00000000011100000000000000000000
00000000011100000000000000000000
00000000011000000000000000000000
00000000011000000000000000000000
00000000100000000000000000000000
00000000100000000000000000000000
00000001110000000000000000000000
00000001111100000000000000000000
00000001111110100000000000000000
00000001111111111000000000000000
00000001100011111110000000000000
00000001100000011111000000000000
00000001100000000111110000000000
00000001100000000011101000000000
00000001100000000000111000000000
00000001100000000000011100000000
00000000100000000000001110000000
00000001110000000000001110000000
00000001110000000000000110000000
00000001110000000000000110000000
00000000110000000000000110000000
00000000011000000000001100000000
00000000011110111111111010000000
00000000000111111111110100000000
00000000000001111111111000000000
