00000000000000000001100000000000
00000000000000000111100000000000
00000000000000001111100000000000
00000000000000001110000000000000
00000000000000011100000000000000
00000000000000111000000000000000
00000000000001110000000000000000
00000000000011100000000000000000
00000000000111100000000000000000
00000000001111000000000000000000
00000000001110000000000000000000
00000000011100000000000000000000
00000000111100000000000000000000
00000000011111100000000000000000
00000000111111110000000000000000
00000000111001011100000000000000
00000000110000011111000000000000
00000000010000000111000000000000
00000000110000000001110000000000
00000000110000000000110000000000
00000000110000000000111000000000
00000000110000000000011100000000
00000000100000000000011100000000
00000000011000000000001000000000
00000000111000000000001100000000
00000000011100000000001100000000
00000000001100000000011100000000
00000000000110000000111100000000
00000000001110000001111000000000
00000000000100111111100000000000
00000000000010011111000000000000
00000000000001011110000000000000
