00000000000011100000000000000000
00000000000011100000000000000000
00000000000010000000000000000000
00000000000011000000000000000000
00000000000111000000000000000000
00000000000111000000000000000000
00000000000111000000000000000000
00000000000110000000000000000000
00000000001100000000000000000000
00000000001110000000000000000000
00000000001100000000000000000000
00000000011100000000000000000000
00000000011100000000000000000000
00000000011100000000000000000000
00000000011100000000000000000000
00000000011111111000000000000000
00000000011111111000000000000000
00000000011000111111000000000000
00000000011000001110100000000000
00000000011000000011100000000000
00000000011000000001110000000000
00000000011000000001111000000000
00000000011000000000111000000000
00000000011000000000011100000000
00000000011000000000011100000000
00000000011000000000011100000000
00000000011100000000111000000000
00000000011100000001111000000000
00000000011110000011110000000000
00000000001111111111100000000000
00000000000111111111000000000000
00000000000001111100000000000000
