00000000000000000000000000000000
00000000000110000000000000000000
00000000000111000000000000000000
00000000001110000000000000000000
00000000001110000000000000000000
00000000011110000000000000000000
00000000011100000000000000000000
00000000011100000000000000000000
00000000111000000000000000000000
00000000011000000000000000000000
00000001110000000000000000000000
00000001110000000000000000000000
00000001110000000000000000000000
00000001000000000000000000000000
00000000100000000000000000000000
00000001101010000000000000000000
00000001111110100000000000000000
00000001111101011000000000000000
00000001100001110110000000000000
00000001100000001111000000000000
00000001110000001111110000000000
00000001110000000010111000000000
00000001110000000000101100000000
00000000110000000000000100000000
00000000111000000000001100000000
00000000011000000000000111000000
00000000011000000000000111000000
00000000001110000000001100000000
00000000001111000000011110000000
00000000000011111111111100000000
00000000000011111111101000000000
00000000000001011111000000000000
