00000000000111000000000000000000
00000000000111000000000000000000
00000000000111000000000000000000
00000000001101000000000000000000
00000000001110000000000000000000
00000000011110000000000000000000
00000000011100000000000000000000
00000000011100000000000000000000
00000000110000000000000000000000
00000000111000000000000000000000
00000000111000000000000000000000
00000000110000000000000000000000
00000001110000000000000000000000
00000001111000000000000000000000
00000001111100000000000000000000
00000001111111100000000000000000
00000001111111110000000000000000
00000001110011011000000000000000
00000001110000111100000000000000
00000001110000001110100000000000
00000000110000000111010000000000
00000001110000000011110000000000
00000000001000000000111000000000
00000000111000000000110100000000
00000000011100000000011100000000
00000000001000000000011110000000
00000000010110000000001110000000
00000000001110000000001110000000
00000000000111100000101000000000
00000000000011011111010100000000
00000000000001111111101000000000
00000000000000001111000000000000
