00000000000000000000000010000000
00000000000000000000001111000000
00000000000000000000011101000000
00000000000000000000111110000000
00000000000000000001111000000000
00000000000000000011111000000000
00000000000000000111100000000000
00000000000000011111000000000000
00000000000000101110000000000000
00000000000001111100000000000000
00000000000010110000000000000000
00000000000111100000000000000000
00000000000011000000000000000000
00000000001111110000000000000000
00000000011111111000000000000000
00000000011100111100000000000000
00000000111000001111100000000000
00000000110000000011100000000000
00000001111000000011100000000000
00000001010000000001111000000000
00000011100000000000110000000000
00000011100000000000011100000000
00000011100000000000011110000000
00000011100000000000000110000000
00000011100000000000001110000000
00000011100000000000000111000000
00000011100000000000000111000000
00000001111000000000000111000000
00000000011110000000000011000000
00000000111111111111111100000000
00000000000011111111111010000000
00000000000000011111111100000000
