00000000000000000000000000000000
00000000000000001100000000000000
00000000000000011100000000000000
00000000000000111000000000000000
00000000000001111000000000000000
00000000000001110000000000000000
00000000000111100000000000000000
00000000001010000000000000000000
00000000001110000000000000000000
00000000011100000000000000000000
00000000011000000000000000000000
00000001110000000000000000000000
00000011100000000000000000000000
00000011100000000000000000000000
00000111111011000000000000000000
00000011111111111000000000000000
00001110000011111100000000000000
00000110000000011110100000000000
00001110000000000111100000000000
00001110000000000011111000000000
00001110000000000000110100000000
00001110000000000000011110000000
00001110000000000000001111000000
00001110000000000000000111100000
00001110000000000000000011100000
00000111000000000000000001110000
00000011000000000000000001110000
00000011100000000000000001110000
00000001111100000000000011100000
00000000111011111111101001000000
00000000011111111111111101000000
00000000000011111111010000000000
