00000000000000110000000000000000
00000000000001110000000000000000
00000000000011110000000000000000
00000000000011100000000000000000
00000000000111100000000000000000
00000000001110000000000000000000
00000000011110000000000000000000
00000000011100000000000000000000
00000000111100000000000000000000
00000000111000000000000000000000
00000000101000000000000000000000
00000011110000000000000000000000
00000011100000000000000000000000
00000011100000000000000000000000
00000111111111111111000000000000
00010111111111111111010000000000
00011111111111111111101110000000
00010111000000000000001111000000
00000111000000000000000010100000
00000111000000000000000011100000
00000111000000000000000011100000
00000111000000000000000000110000
00000011100000000000000000111000
00000011100000000000000000111000
00000011110000000000000000111000
00000001110000000000000000011100
00000000111000000000000000011100
00000000011100000000000000011100
00000000001111000000000000111000
00000000000111011111111111111000
00000000000111111111111111100000
00000000000000111111111110000000
