00000000000000110000000000000000
00000000000000110000000000000000
00000000000001110000000000000000
00000000000001110000000000000000
00000000000001100000000000000000
00000000000011100000000000000000
00000000000011100000000000000000
00000000000011100000000000000000
00000000000011100000000000000000
00000000000011000000000000000000
00000000000011000000000000000000
00000000000111000000000000000000
00000000000111000000000000000000
00000000000111000000000000000000
00000000000111100000000000000000
00000000000111100000000000000000
00000000000111011000000000000000
00000000000110111100000000000000
00000000000110011110000000000000
00000000000110001100000000000000
00000000000110000111000000000000
00000000000110000011000000000000
00000000000110000010000000000000
00000000000110000001000000000000
00000000000110000001100000000000
00000000000011000001100000000000
00000000000111000001100000000000
00000000000011000011000000000000
00000000000001100111100000000000
00000000000001111111000000000000
00000000000000111110000000000000
00000000000000110100000000000000
