00000000000000110000000000000000
00000000000011110000000000000000
00000000000111110000000000000000
00000000001011000000000000000000
00000000011110000000000000000000
00000000111100000000000000000000
00000001111000000000000000000000
00000011110000000000000000000000
00000111100000000000000000000000
00000110000000000000000000000000
00001110000000000000000000000000
00001100000000000000000000000000
00001110000000000000000000000000
00001110000000000000000000000000
00001110100000000000000000000000
00001111101111101010000000000000
00001110101111111111100000000000
00000110000000000110110000000000
00000110000000000000111100000000
00000011000000000000001110000000
00000000100000000000000111000000
00000011100000000000000011000000
00000001110000000000000011100000
00000001001000000000000001110000
00000000111000000000000001110000
00000000111110000000000001110000
00000000011111000000000001110000
00000000000111110000000001110000
00000000000011111000000001010000
00000000000000111111111111100000
00000000000000011111111111000000
00000000000000000111111000000000
