00000000000000000101100000000000
00000000000000001101100000000000
00000000000000011111100000000000
00000000000000111110000000000000
00000000000001111000000000000000
00000000000011110000000000000000
00000000000111100000000000000000
00000000000111000000000000000000
00000000001111000000000000000000
00000000011110000000000000000000
00000000011100000000000000000000
00000000111100000000000000000000
00000001111000000000000000000000
00000001110011000000000000000000
00000011111110111100000000000000
00000011101101111100000000000000
00000011100001111111110000000000
00000011000000000011011000000000
00000010000000000001111100000000
00000111000000000000111110000000
00000111000000000000010100000000
00000111000000000000001110000000
00000111000000000000000110100000
00000111000000000000000011000000
00000111100000000000000011100000
00000001100000000000000011100000
00000010110000000000000011000000
00000000101100000000000111100000
00000000011101100000001110100000
00000000011010111111111101000000
00000000000101111111111010000000
00000000000000111111110000000000
