00000000000000000001000000000000
00000000000000000111000000000000
00000000000000001111100000000000
00000000000000001110000000000000
00000000000000011000000000000000
00000000000011110000000000000000
00000000000111100000000000000000
00000000001111000000000000000000
00000000011110000000000000000000
00000000011100000000000000000000
00000000111100000000000000000000
00000000111001000000000000000000
00000001110001000000000000000000
00000001100000110100000000000000
00000011100000111110000000000000
00000011100000001110000000000000
00000011000000000111100000000000
00000011000000000011110000000000
00000111000000000001111000000000
00000111000000000000111000000000
00000111000000000000011100000000
00000111000000000000000110000000
00000111000000000000001110000000
00000111000000000000000111000000
00000111000000000000000111000000
00000111000000000000000010100000
00000011100000000000000011100000
00000010100000000000000001000000
00000001111000000000010110000000
00000000111111111111011110000000
00000000111111111111111100000000
00000000000101111001100000000000
