00000000000100000000000000000001
00000000001110000000000000000001
00000000001100000000000000000001
00000000011100000000000000000001
00000000011100000000000000000001
00000000001000000000000000000001
00000000111000000000000000000001
00000000111000000000000000000001
00000000111000000000000000000001
00000000100000000000000000000001
00000001111000000000000000000001
00000001111011000000000000000001
00000001111010110000000000000001
00000001110001111100000000000001
00000001110000001111000000000001
00000001100000000110100000000001
00000000100000000011100000000001
00000001100000000001100000000001
00000001100000000000110000000001
00000001100000000000011100000001
00000001100000000000001100000001
00000001100000000000000110000001
00000001100000000000001110000001
00000001100000000000000100000001
00000001100000000000000110000001
00000001111000000000000110000001
00000000111000000000000110000001
00000000011100000000000110000001
00000000001110000000001110000001
00000000001111111000011100000001
00000000000011111111110100000001
00000000000000111111111000000001
