00000000000001000000000000000000
00000000000011100000000000000000
00000000000011100000000000000000
00000000000111100000000000000000
00000000000111000000000000000000
00000000000111000000000000000000
00000000001110000000000000000000
00000000011010000000000000000000
00000000011100000000000000000000
00000000011100000000000000000000
00000000011000000000000000000000
00000000111000000000000000000000
00000001111000000000000000000000
00000001111111000000000000000000
00000000111111110000000000000000
00000011100011000100000000000000
00000011100000101100000000000000
00000110000000000111100000000000
00000111000000000011110000000000
00000111000000000001100100000000
00000111000000000000001000000000
00000111000000000000011110000000
00000111000000000000000111000000
00000111000000000000000110000000
00000111000000000000000011100000
00000111000000000000000011100000
00000011000000000000000011100000
00000011000000000000000011100000
00000011100000000000000111100000
00000011111111111111111111100000
00000001111111111111110110000000
00000000101111110111111000000000
