00000000000000000000000000000000
00000000000000001110000000000000
00000000000000011110000000000000
00000000000000111100000000000000
00000000000000111000000000000000
00000000000001110000000000000000
00000000000001100000000000000000
00000000000011100000000000000000
00000000000101000000000000000000
00000000000110000000000000000000
00000000001110000000000000000000
00000000001100000000000000000000
00000000001100111000000000000000
00000000000111111111000000000000
00000000011111010111000000000000
00000000011100000011100000000000
00000000011100000001000000000000
00000000011100000001110000000000
00000000011100000000110000000000
00000000011100000000111000000000
00000000011100000000111000000000
00000000011100000000111000000000
00000000011100000000111000000000
00000000011100000000011000000000
00000000011100000000011000000000
00000000011100000000011000000000
00000000001100000000011000000000
00000000001110000000011000000000
00000000001110000000011000000000
00000000000010000000111000000000
00000000000111101111100000000000
00000000000011001111100000000000
