00000000000000000010000000000000
00000000000000001110000000000000
00000000000000001110000000000000
00000000000000111100000000000000
00000000000001110000000000000000
00000000000010100000000000000000
00000000000111000000000000000000
00000000001110000000000000000000
00000000011010000000000000000000
00000000011100000000000000000000
00000000110000000000000000000000
00000001101000000000000000000000
00000001110000000000000000000000
00000001100000000000000000000000
00000010100000000000000000000000
00000111000000000000000000000000
00000111111111111110000000000000
00000111111111111111010000000000
00001111111111111111111100000000
00001110000000000000111010000000
00001110000000000000001111000000
00001110000000000000000011100000
00001110000000000000000011100000
00001010000000000000000001110000
00000111000000000000000001110000
00000011000000000000000001110000
00000001100000000000000001110000
00000011110000000000000000110000
00000001111000000000000000110000
00000000111111111111111111000000
00000000000111111111111111000000
00000000000011111111111100000000
