00000000000000000001110000000000
00000000000000000011110000000000
00000000000000001111110000000000
00000000000000011110000000000000
00000000000001111000000000000000
00000000000011110000000000000000
00000000000111100000000000000000
00000000001111000000000000000000
00000000010110000000000000000000
00000000011100000000000000000000
00000000111000000000000000000000
00000001111000000000000000000000
00000001110000000000000000000000
00000011100000000000000000000000
00000011111100000000000000000000
00000011111111111110000000000000
00000111111101111101000000000000
00000111000000111101111000000000
00000111000000000001111100000000
00000111000000000000011110000000
00000110000000000000001111000000
00000110000000000000000100100000
00000110000000000000000011100000
00000110000000000000000001100000
00000110000000000000000001110000
00000010000000000000000001110000
00000111000000000000000001100000
00000011100000000000000011000000
00000001010000000000001111100000
00000001111111111111111100000000
00000000011111111111111100000000
00000000001111111011000000000000
