00000000010000000000000000000000
00000000111000000000000000000000
00000000111000000000000000000000
00000001111000000000000000000000
00000001110000000000000000000000
00000011110000000000000000000000
00000011100000000000000000000000
00000011100000000000000000000000
00000011100000000000000000000000
00000111000000000000000000000000
00000011000000000000000000000000
00000111000000000000000000000000
00000111000000000000000000000000
00000111001111100000000000000000
00000110001111111101000000000000
00001111011111110111111000000000
00001111100000000111111100000000
00001110000000000000111010000000
00001110000000000000001110000000
00001110000000000000000010000000
00001110000000000000000011000000
00001110000000000000000011100000
00000111000000000000000001010000
00000111000000000000000001110000
00000111100000000000000001110000
00000001100000000000000001110000
00000011010000000000000001110000
00000001111000000000000000110000
00000000111111000000000111100000
00000000001111111111111111000000
00000000000011111111111100000000
00000000000000010111100000000000
