00000000000000000000000000000000
00000000000000000000001110000000
00000000000000000000011110000000
00000000000000000000111100000000
00000000000000000011111000000000
00000000000000000111110000000000
00000000000000001111100000000000
00000000000000001110000000000000
00000000000000111100000000000000
00000000000001111000000000000000
00000000000111110000000000000000
00000000001111000000000000000000
00000000011111000000000000000000
00000001111110000000000000000000
00000011111111010000000000000000
00000101111111111110000000000000
00000111000011111111000000000000
00001111000000001111111000000000
00011110000000000000111100000000
00110100000000000000011100000000
00011000000000000000000111000000
00111000000000000000000111100000
00111000000000000000000011100000
00111000000000000000000011100000
00111000000000000000000000111000
00101100000000000000000000011100
00011110000000000000000000011100
00001111100000000000000000011100
00000111111100000000000000011100
00000001111111111111111111011000
00000000001111111111111111110000
00000000000011111111111110100000
