00000000111000000000000000000000
00000000111000000000000000000000
00000000111000000000000000000000
00000000110000000000000000000000
00000000110000000000000000000000
00000001110000000000000000000000
00000001110000000000000000000000
00000001110000000000000000000000
00000011100000000000000000000000
00000011100000000000000000000000
00000011100000000000000000000000
00000011100000000000000000000000
00000011100000000000000000000000
00000011100000000000000000000000
00000011100000000000000000000000
00000011111000000000000000000000
00000011111100000000000000000000
00000011111110000000000000000000
00000011101111100000000000000000
00000011100111110000000000000000
00000011100001111100000000000000
00000011100000111110000000000000
00000001110000011111100000000000
00000001110000000111110000000000
00000001110000000000111100000000
00000001111000000000010010000000
00000000111000000000001101000000
00000000111000000000000111000000
00000000011100000000000111000000
00000000011011111111111010000000
00000000001111111111111100000000
00000000001011111111111000000000
