00000000000000000000100000000000
00000000000000000011100000000000
00000000000000000101100000000000
00000000000000000111000000000000
00000000000000001110000000000000
00000000000000011100000000000000
00000000000000011100000000000000
00000000000000111000000000000000
00000000000001111000000000000000
00000000000011100000000000000000
00000000000011100000000000000000
00000000000111000000000000000000
00000000001111000000000000000000
00000000001110000000000000000000
00000000011101011000000000000000
00000000111001111110000000000000
00000000111000011111100000000000
00000001110000000111111000000000
00000011100000000001010100000000
00000011100000000000011110000000
00000110000000000000001111000000
00000111000000000000000011000000
00000010000000000000000011100000
00000110000000000000000011100000
00000111000000000000000001110000
00000111100000000000000001110000
00000011101000000000000001110000
00000001111110000000000001100000
00000000001111100000000011100000
00000000000111111100000010100000
00000000000001111111111111000000
00000000000000001111111111000000
