00000000000001110000000000000000
00000000000001100000000000000000
00000000000001110000000000000000
00000000000001110000000000000000
00000000000011110000000000000000
00000000000011100000000000000000
00000000000011100000000000000000
00000000000011100000000000000000
00000000000111000000000000000000
00000000000111000000000000000000
00000000000111000000000000000000
00000000001110000000000000000000
00000000001110000000000000000000
00000000011110000000000000000000
00000000011100000000000000000000
00000000111100000000000000000000
00000000111000000000000000000000
00000001111011111000000000000000
00000000110011111101000000000000
00000011110011111011100000000000
00000011100000001111111000000000
00000111100000000001111100000000
00000111000000000000010111000000
00001111000000000000000011100000
00001110000000000000000011110000
00001100000000000000000001100000
00001110000000000000000001110000
00001110000000000000000001110000
00001110100000000000000001110000
00000111111111111111111111100000
00000000111111111111111111000000
00000000111111111111111111000000
