00000000000000000000100000000000
00000000000000000011100000000000
00000000000000000111100000000000
00000000000000000111000000000000
00000000000000011110000000000000
00000000000000011100000000000000
00000000000000111100000000000000
00000000000001111000000000000000
00000000000001110000000000000000
00000000000011100000000000000000
00000000000011100000000000000000
00000000000111000000000000000000
00000000001111000000000000000000
00000000010100000000000000000000
00000000011000000000000000000000
00000000111110010000000000000000
00000000111111111110110000000000
00000000111111111111111000000000
00000001110000000111011010000000
00000000110000000000001110000000
00000011100000000000000111000000
00000011100000000000000011000000
00000010000000000000000011100000
00000111000000000000000011100000
00000111000000000000000010000000
00000111100000000000000111000000
00000011100000000000000111000000
00000000110000000000011110000000
00000001101000000000111010000000
00000000111011111111101100000000
00000000001111111111110000000000
00000000000111111010000000000000
