00000000000000000000000000000000
00000001110000000000000000000000
00000001110000000000000000000000
00000001110000000000000000000000
00000001110000000000000000000000
00000001110000000000000000000000
00000001110000000000000000000000
00000001110000000000000000000000
00000001110000000000000000000000
00000000000000000000000000000000
00000000001000000000000000000000
00000000111000000000000000000000
00000000111000000000000000000000
00000000011000000000000000000000
00000000111000000000000000000000
00000000111111100000000000000000
00000000111111111100000000000000
00000000111111111110000000000000
00000000111000011011010000000000
00000000111000000011001000000000
00000000111000000001110100000000
00000000010000000000111000000000
00000000010000000000000100000000
00000000111000000000001110000000
00000000110000000000001110000000
00000000111000000000001110000000
00000000111000000000001110000000
00000000111000000000001100000000
00000000111000000000011100000000
00000000111111111111111000000000
00000000001111111111111000000000
00000000001111111111110000000000
