00000000000000001000000000000000
00000000000000011000000000000000
00000000000000011000000000000000
00000000000001110000000000000000
00000000000001110000000000000000
00000000000011100000000000000000
00000000000011100000000000000000
00000000000101000000000000000000
00000000000101000000000000000000
00000000000110000000000000000000
00000000001110000000000000000000
00000000001110000000000000000000
00000000011100000000000000000000
00000000001100000000000000000000
00000000011101000000000000000000
00000000011101111100000000000000
00000000111001111101000000000000
00000000111000001111100000000000
00000000111000000011110000000000
00000000110000000000111000000000
00000000110000000000010100000000
00000001110000000000011000000000
00000001110000000000001110000000
00000001110000000000001110000000
00000001110000000000001100000000
00000000111000000000001100000000
00000000111000000000001000000000
00000000011000000000011100000000
00000000011110000001111000000000
00000000001111111111010000000000
00000000000011111111100000000000
00000000000001111010000000000000
