00000000000000000000000000000000
00000000000000000110000000000000
00000000000000001101000000000000
00000000000000111100000000000000
00000000000001011000000000000000
00000000000011110000000000000000
00000000000011000000000000000000
00000000000111000000000000000000
00000000001110000000000000000000
00000000001110000000000000000000
00000000001100000000000000000000
00000000011100000000000000000000
00000000111000111000000000000000
00000000111000111100000000000000
00000001110000011111000000000000
00000001110000000111100000000000
00000011100000000011010000000000
00000011100000000001111000000000
00000011100000000000111100000000
00000010000000000000010110000000
00000111000000000000001111000000
00000011000000000000000100000000
00000111000000000000000011100000
00000111000000000000000011100000
00000111000000000000000011100000
00000111000000000000000011100000
00000011000000000000000011100000
00000011100000000000001111000000
00000001110000000000111110000000
00000000111111111111110100000000
00000000011111111111110000000000
00000000000111110110000000000000
