00000000000000000000101100000000
00000000000000000001111100000000
00000000000000000111111100000000
00000000000000001111100000000000
00000000000000011111000000000000
00000000000000111100000000000000
00000000000001111000000000000000
00000000000010110000000000000000
00000000000011100000000000000000
00000000000111100000000000000000
00000000001111100000000000000000
00000000001111110000000000000000
00000000001111100000000000000000
00000000001101111000000000000000
00000000011100111000000000000000
00000000011100111100000000000000
00000000111000001100000000000000
00000000111000011110000000000000
00000000111000001110000000000000
00000000111000001110000000000000
00000000111000000111000000000000
00000000111000000011100000000000
00000000111000000011100000000000
00000000111000000001110000000000
00000000001000000000100000000000
00000000111100000001110000000000
00000000011000000001110000000000
00000000011110000001110000000000
00000000001111100011110000000000
00000000000111111101000000000000
00000000000011111111000000000000
00000000000000011000000000000000
