00000000000001000000000000000000
00000000000011100000000000000000
00000000000011100000000000000000
00000000000111100000000000000000
00000000001011000000000000000000
00000000001110000000000000000000
00000000011110000000000000000000
00000000111100000000000000000000
00000001011000000000000000000000
00000000110000000000000000000000
00000001110000000000000000000000
00000011110000000000000000000000
00000011100000000000000000000000
00000011100001111111100000000000
00000011100111111111111000000000
00000111000111111111111000000000
00000111010101000000011000000000
00000110000100000000001001000000
00000111000000000000000010000000
00000011000000000000000111000000
00000111000000000000000111100000
00000111000000000000000011100000
00000111000000000000000011000000
00000111000000000000000010110000
00000111000000000000000011110000
00000111000000000000000011110000
00000010000000000000000011110000
00000010000000000000000011110000
00000111100000000000000111100000
00000011111111111111111110000000
00000011111111111111111111000000
00000000111111111111111000000000
