00000000000000110000000000000000
00000000000011110000000000000000
00000000000001110000000000000000
00000000000111000000000000000000
00000000001110000000000000000000
00000000001110000000000000000000
00000000011100000000000000000000
00000000011100000000000000000000
00000000111000000000000000000000
00000000111000000000000000000000
00000001110000000000000000000000
00000001110001111010000000000000
00000001100001111110000000000000
00000011101010111011110000000000
00000001101110000001111000000000
00000111111000000000011100000000
00000111010000000000001100000000
00000010000000000000001100000000
00000111000000000000000101000000
00000111000000000000000110000000
00000110000000000000000101000000
00000110000000000000000011000000
00000110000000000000000001100000
00000110000000000000000001110000
00000110000000000000000001110000
00000111000000000000000001110000
00000111000000000000000001110000
00000111100000000000000010000000
00000001110000000000001111000000
00000001110111111111111111000000
00000000111111111111101100000000
00000000001111111110110000000000
