00000000000000000000000000000000
00000000000000011100000000000000
00000000000000011100000000000000
00000000000000111000000000000000
00000000000001110000000000000000
00000000000001110000000000000000
00000000000011100000000000000000
00000000000011100000000000000000
00000000000111000000000000000000
00000000000111000000000000000000
00000000001110000000000000000000
00000000001110000000000000000000
00000000011100000000000000000000
00000000010100000000000000000000
00000000111011111111010000000000
00000000111011111111101100000000
00000000111111100000001110000000
00000001111000000000001110000000
00000001110000000000000111000000
00000000110000000000000111000000
00000001100000000000000111000000
00000011100000000000000111000000
00000011100000000000000111000000
00000011100000000000001110000000
00000011100000000000001110000000
00000000100000000000001110000000
00000001110000000000010100000000
00000001100000000000011000000000
00000000110000000000111000000000
00000000011000000001110000000000
00000000011111111111100000000000
00000000000111111111100000000000
