00000000000000001010000000000000
00000000000000010110000000000000
00000000000000111110000000000000
00000000000001101000000000000000
00000000000011100000000000000000
00000000000111000000000000000000
00000000001111000000000000000000
00000000011100000000000000000000
00000000111100000000000000000000
00000000111000000000000000000000
00000001110000000000000000000000
00000011100000000000000000000000
00000111100000000000000000000000
00000111001110000000000000000000
00001110001111111100000000000000
00001110001110011101100000000000
00001100000000001101101000000000
00011100000000000011111110000000
00011100000000000000011111100000
00011100000000000000000111100000
00011000000000000000000001111000
00011000000000000000000000110000
00011000000000000000000000011000
00011000000000000000000000011000
00011100000000000000000000011000
00011100000000000000000000001000
00001110000000000000000000110000
00000111000000000000000001110000
00000110000000000000000011110000
00000011001111111111111011100000
00000000111111111111111111000000
00000000111111111111111000000000
