00000000000000010100000000000000
00000000000000111100000000000000
00000000000001111100000000000000
00000000000010110000000000000000
00000000000111100000000000000000
00000000001111000000000000000000
00000000011110000000000000000000
00000000111100000000000000000000
00000000111000000000000000000000
00000000111000000000000000000000
00000001110000000000000000000000
00000011100000000000000000000000
00000011000000000000000000000000
00001111000000000000000000000000
00001110000000000000000000000000
00011111111110000000000000000000
00011111111111111100000000000000
00111111111111111111111000000000
00111000000011111111111110000000
00101000000000000001101111110000
01110000000000000000000111111000
01110000000000000000000000111000
01110000000000000000000000011010
01110000000000000000000000001110
01110000000000000000000000001110
01111000000000000000000000001110
00111100000000000000000000001110
00001010000000000000000000111100
00001110100000000000000111111100
00000011111011111111111111111000
00000001111111111111111110100000
00000000001111111111111100000000
