00000000000001000000000000000000
00000000000001110000000000000000
00000000000011110000000000000000
00000000000111100000000000000000
00000000000111000000000000000000
00000000001111000000000000000000
00000000001110000000000000000000
00000000011110000000000000000000
00000000011100000000000000000000
00000000111100000000000000000000
00000000111000000000000000000000
00000001111000000000000000000000
00000000110000000000000000000000
00000001110000000000000000000000
00000001111111111111100000000000
00000000111111111110100000000000
00000011111111111011111100000000
00000011110000000000111000000000
00000111100000000000011011000000
00000011100000000000000111000000
00000011100000000000000011000000
00000011100000000000000000100000
00000011100000000000000001110000
00000011100000000000000001110000
00000001110000000000000001110000
00000001110000000000000001110000
00000001001000000000000000010000
00000000111000000000000111000000
00000000011110000000010110000000
00000000001111111111111111000000
00000000000111111111111100000000
00000000000001111110110000000000
