00000000000000000000110000000000
00000000000000000011110000000000
00000000000000000111110000000000
00000000000000011111000000000000
00000000000000111100000000000000
00000000000001111000000000000000
00000000000011110000000000000000
00000000000111100000000000000000
00000000001111000000000000000000
00000000001110000000000000000000
00000000001111111100000000000000
00000000111111111111110000000000
00000001111111111101111100000000
00000011110000000000111010000000
00000011100000000000001111000000
00000101000000000000000011100000
00000111000000000000000010100000
00000111000000000000000001100000
00000110000000000000000001100000
00000110000000000000000001100000
00000110000000000000000001100000
00000110000000000000000001100000
00000110000000000000000001100000
00000111000000000000000001100000
00000111000000000000000011000000
00000011100000000000000111000000
00000011110000000000011101000000
00000001111000000000001110000000
00000000111101111111110000000000
00000000010010111000000000000000
00000000001111000000000000000000
00000000000101000000000000000000
