00000000000000010000000000000000
00000000000000001000000000000000
00000000000000111100000000000000
00000000000001110000000000000000
00000000000011110000000000000000
00000000000111100000000000000000
00000000001111000000000000000000
00000000001011000000000000000000
00000000011110000000000000000000
00000000111100000000000000000000
00000000111000000000000000000000
00000001111000000000000000000000
00000001110000000011110000000000
00000011100000001111111000000000
00000111100001111111111001000000
00000111000011111000001111000000
00000111000111110000000111000000
00001110011110000000000010100000
00001110101110000000000001110000
00001111111100000000000001110000
00001111110000000000000001110000
00001110000000000000000001110000
00001110000000000000000011110000
00001111000000000000000011100000
00000111100000000000000111100000
00000101100000000000001111000000
00000011110000000000011111000000
00000000111100000001111100000000
00000000111110000111111000000000
00000000010110111111110000000000
00000000000111111011000000000000
00000000000010111100000000000000
