00000000000000011000000000000000
00000000000000111100000000000000
00000000000001110000000000000000
00000000000011110000000000000000
00000000000011100000000000000000
00000000000111000000000000000000
00000000000110000000000000000000
00000000001110000000000000000000
00000000000110000000000000000000
00000000001110000000000000000000
00000000001110000000000000000000
00000000001100000000000000000000
00000000001100000000000000000000
00000000001110000000000000000000
00000000011111000000000000000000
00000000011101100000000000000000
00000000011101110000000000000000
00000000011100111100000000000000
00000000011100011110000000000000
00000000011100001111000000000000
00000000011100000111100000000000
00000000011100000011110000000000
00000000001100000001110000000000
00000000001110000000111000000000
00000000001110000000111000000000
00000000001110000000111000000000
00000000000111000000110000000000
00000000000110000001100000000000
00000000000001000011110000000000
00000000000000011111100000000000
00000000000000011111000000000000
00000000000000010000000000000000
