00000000000000000000000000000000
00000000000011000000000000000000
00000000000111100000000000000000
00000000000111000000000000000000
00000000001111000000000000000000
00000000001110000000000000000000
00000000011110000000000000000000
00000000011100000000000000000000
00000000111000000000000000000000
00000000111000000000000000000000
00000001110000000000000000000000
00000001110000000000000000000000
00000001110000000000000000000000
00000001110000001011000000000000
00000011000000111011000000000000
00000001100011111111001000000000
00000011100111111000001000000000
00000011101111100000011100000000
00000011111110000000001110000000
00000011111100000000001110000000
00000011111100000000001110000000
00000011111000000000000111000000
00000011111000000000000111000000
00000001100000000000000111100000
00000011100000000000000111100000
00000011110000000000000111100000
00000001110000000000001111000000
00000001101000000000001101000000
00000000111110000001111110000000
00000000001111111111101000000000
00000000000011111111110000000000
00000000000011111110000000000000
