00000000000000000001000000000000
00000000000000000011100000000000
00000000000000001111100000000000
00000000000000011110000000000000
00000000000000111100000000000000
00000000000011110000000000000000
00000000000111100000000000000000
00000000001011000000000000000000
00000000010110000000000000000000
00000000011100000000000000000000
00000000111000000000000000000000
00000000111000000000000000000000
00000001110000000000000000000000
00000001110000000000000000000000
00000001100111111111110000000000
00000000111111111111111000000000
00000001111110000000000110000000
00000011110000000000000111000000
00000011100000000000000011000000
00000001110000000000000010000000
00000001111000000000000011100000
00000000111000000000000011100000
00000000011100000000000011100000
00000000001110000000000011100000
00000000000111000000000011100000
00000000000111000000000011100000
00000000000011100000000011000000
00000000000001110000000111000000
00000000000001110000001110000000
00000000000000011111111100000000
00000000000000001111110000000000
00000000000000001111100000000000
