00000000000000000000000000000000
00000000000000110000000000000000
00000000000001100000000000000000
00000000000011110000000000000000
00000000000011100000000000000000
00000000000111000000000000000000
00000000001110000000000000000000
00000000001110000000000000000000
00000000001100000000000000000000
00000000001100000000000000000000
00000000011100000000000000000000
00000000111000000000000000000000
00000000111000000000000000000000
00000000110000000000000000000000
00000000110000000000000000000000
00000000110000000000000000000000
00000001110010011111000000000000
00000001111111111111100000000000
00000001111111000001110000000000
00000001111100000000110000000000
00000001110000000000011100000000
00000001110000000000011100000000
00000000110000000000001100000000
00000000110000000000001100000000
00000000110000000000001110000000
00000000111000000000001110000000
00000000111000000000001110000000
00000000011100000000001110000000
00000000001110000000001110000000
00000000001111110111111000000000
00000000000111111111111100000000
00000000000000101111110000000000
