00000000001100000000000000000000
00000000010100000000000000000000
00000000111100000000000000000000
00000000111000000000000000000000
00000001100000000000000000000000
00000001110000000000000000000000
00000011100000000000000000000000
00000011100000000000000000000000
00000011000000000000000000000000
00000011000000000000000000000000
00000111000000000000000000000000
00000111000000000000000000000000
00000111000000000000000000000000
00000111000000000000000000000000
00000111000000000000000000000000
00000111000000000000000000000000
00000101001011111111001000000000
00000011000111111111010000000000
00000011100111111111001110000000
00000011100000000000001111000000
00000001110000000000000110000000
00000001110000000000000010100000
00000000111000000000000001100000
00000000111000000000000011100000
00000000011100000000000011100000
00000000001110000000000011100000
00000000001111000000000011100000
00000000000111100000000011100000
00000000000010111100000111000000
00000000000001111111111110000000
00000000000000011101111110000000
00000000000000000011111100000000
