00000000000000000000000000000000
00000000001100000000000000000000
00000000011100000000000000000000
00000000011100000000000000000000
00000000111000000000000000000000
00000000110000000000000000000000
00000001110000000000000000000000
00000001110000000000000000000000
00000011100000000000000000000000
00000011100000000000000000000000
00000001100000000000000000000000
00000011100000000000000000000000
00000011100000000000000000000000
00000011100000000000000000000000
00000011100000000000000000000000
00000011100000000000000000000000
00000011100000000000000000000000
00000011100000000000000000000000
00000011100111111110000000000000
00000001101111111111110000000000
00000001110111111010101000000000
00000001110000000000011000000000
00000000111000000000001110000000
00000000111000000000000111000000
00000000011100000000000111000000
00000000011110000000000011000000
00000000001110000000000011000000
00000000000111000000000111000000
00000000000011110000001111000000
00000000000001111111111110000000
00000000000000110111111000000000
00000000000000000111110000000000
