00000000000000000000000000000000
00000001100000000000000000000000
00000001110000000000000000000000
00000001100000000000000000000000
00000011100000000000000000000000
00000011000000000000000000000000
00000111000000000000000000000000
00000111000000000000000000000000
00000111000000000000000000000000
00000110000000000000000000000000
00000110000000000000000000000000
00000110000000000000000000000000
00000110000000000000000000000000
00000110000000000000000000000000
00000110000000000000000000000000
00000110000000000000000000000000
00000110111111111100000000000000
00000101111111111111100000000000
00000111010000111111111000000000
00000011000000000000110000000000
00000011100000000000011110000000
00000010100000000000000111000000
00000001110000000000000111000000
00000000111000000000000011000000
00000000111000000000000011000000
00000000011110000000000001110000
00000000001101000000000001110000
00000000000111100000000001110000
00000000000001110000000000100000
00000000000001111101111111100000
00000000000000011011111111100000
00000000000000000111111110000000
