00000000000000000000000000000000
00000000000000000001100000000000
00000000000000000111110000000000
00000000000000001111100000000000
00000000000000011111000000000000
00000000000000011110000000000000
00000000000001111000000000000000
00000000000001111000000000000000
00000000000011110000000000000000
00000000000011100000000000000000
00000000000111000000000000000000
00000000001111000000000000000000
00000000001100000000000000000000
00000000011110100000000000000000
00000000011101110000000000000000
00000000011011011000000000000000
00000000011100111010000000000000
00000000111100001111000000000000
00000000111000000111100000000000
00000000111000000001110000000000
00000000111000000000111000000000
00000000111000000000101000000000
00000000111000000000111100000000
00000000111000000000011100000000
00000000111000000000011100000000
00000000111100000000110000000000
00000000010100000000110000000000
00000000011100000011111000000000
00000000001110000111100000000000
00000000000111111111100000000000
00000000000111111110000000000000
00000000000011111000000000000000
