00000000000000000000000000000000
00000000011000000000000000000000
00000000011100000000000000000000
00000000111000000000000000000000
00000000100000000000000000000000
00000001110000000000000000000000
00000001110000000000000000000000
00000001100000000000000000000000
00000011100000000000000000000000
00000011100000000000000000000000
00000011100000000000000000000000
00000011100000000000000000000000
00000011100000000000000000000000
00000011100000000000000000000000
00000011100000000000000000000000
00000011100000000000000000000000
00000011101110111111110000000000
00000011111111111111111100000000
00001111111100000000011110000000
00001111100000000000000110000000
00001001100000000000000011100000
00000001110000000000000011100000
00000001110000000000000001100000
00000000111000000000000000100000
00000000111000000000000000110000
00000000011100000000000000110000
00000000010110000000000000110000
00000000001111000000000011100000
00000000000111110000001111000000
00000000000011110111111111000000
00000000000000111111111100000000
00000000000000001111000000000000
