00000000000001000000000000000000
00000000000011000000000000000000
00000000000011100000000000000000
00000000000011000000000000000000
00000000000111000000000000000000
00000000000111000000000000000000
00000000001110000000000000000000
00000000001110000000000000000000
00000000001100000000000000000000
00000000011100000000000000000000
00000000011100000000000000000000
00000000011000000000000000000000
00000000111000000000000000000000
00000000011000000000000000000000
00000000110000000000000000000000
00000001110000000000000000000000
00000001111111111111111100000000
00000001111111111111111100000000
00000011100000000000001111100000
00000011000000000000000011100000
00000111000000000000000001110000
00001110000000000000000001110000
00001110000000000000000000110000
00001100000000000000000000110000
00001100000000000000000001110000
00001111000000000000000001110000
00000111100000000000000011100000
00000011110000000000001111100000
00000001111100000000111110000000
00000000011110111111011100000000
00000000001111111111110000000000
00000000000010111111000000000000
