00000000000000000110000000000000
00000000000000011110000000000000
00000000000000111110000000000000
00000000000011111000000000000000
00000000000111100000000000000000
00000000001111000000000000000000
00000000011110000000000000000000
00000000111000000000000000000000
00000001110000000000000000000000
00000011100000000000000000000000
00000111000000000000000000000000
00000010000000000000000000000000
00001110000000000000000000000000
00001110000000011111110100000000
00001100000001111111111110000000
00000100001111111100001111000000
00001100111111100000000011000000
00001101111110000000000011100000
00001111111000000000000001110000
00001111100000000000000001000000
00000110000000000000000000111000
00001110000000000000000000111000
00000111000000000000000000110000
00000111000000000000000001110000
00000011100000000000000011100000
00000011110000000000000111100000
00000001110000000000000111000000
00000000111100000000011100000000
00000000001110000000111100000000
00000000001111111110110000000000
00000000000111111111110000000000
00000000000001101110000000000000
