00000111000000000000000000000000
00000111000000000000000000000000
00000111000000000000000000000000
00000111000000000000000000000000
00000111000000000000000000000000
00000111000000000000000000000000
00000111000000000000000000000000
00001111000000000000000000000000
00001110000000000000000000000000
00001100000000000000000000000000
00001110000000000000000000000000
00011100000000000000000000000000
00001100000000000000000000000000
00011000000000000000000000000000
00010100000000000000000000000000
00011100000000000000000000000000
00010011111111111100000000000000
00111011111111111111100000000000
00111011111111111111111100000000
00111000000000000001101110000000
00011000000000000000011101100000
00001100000000000000000110010000
00011000000000000000000001011000
00011110000000000000000000101000
00001110000000000000000000011100
00001111000000000000000000011100
00000010100000000000000001111100
00000011110000000000000111111000
00000001111000000000101111110000
00000000111111111111111111000000
00000000011111111111111000000000
00000000001111111101000000000000
