00000000000000000000000000000001
00000000000000000111000000000001
00000000000000000111000000000001
00000000000000001110000000000001
00000000000000001110000000000001
00000000000000011100000000000001
00000000000000011000000000000001
00000000000000111100000000000001
00000000000000101000000000000001
00000000000001111000000000000001
00000000000001110000000000000001
00000000000011100000000000000001
00000000000111000000000000000001
00000000000111000000000000000001
00000000001111000000000000000001
00000000001110000000000000000001
00000000011111000000000000000001
00000000111111111101000000000001
00000000011111111111110000000001
00000000110000000111111100000001
00000011110000000000110110000001
00000011100000000000011110000001
00000011000000000000000011000001
00000101000000000000000001100001
00000111000000000000000011100001
00000111000000000000000011100001
00000111000000000000000011100001
00000111000000000000000111000001
00000011100000000000101111000001
00000111111111111111111100000001
00000000111111111111101000000001
00000000111111111011000000000001
