00000000000000000000000000000000
00000000000000000000111000000000
00000000000000000000101000000000
00000000000000000001110000000000
00000000000000000011110000000000
00000000000000000011100000000000
00000000000000000111100000000000
00000000000000000111000000000000
00000000000000001111000000000000
00000000000000001110000000000000
00000000000000011110000000000000
00000000000000111100000000000000
00000000000000111000000000000000
00000000000001110000000000000000
00000000000001100000000000000000
00000000000011100000000000000000
00000000000011000110000000000000
00000000000110000111001100000000
00000000001111000111111000000000
00000000001110000000001110000000
00000000011100000000000111000000
00000000011100000000000111000000
00000000101100000000000111000000
00000000111000000000000111000000
00000000100000000000000110000000
00000001110000000000001100000000
00000001100000000000011110000000
00000011100000000000100100000000
00000001111000000011111000000000
00000001111111111111111000000000
00000000111111111111000000000000
00000000000011111100000000000000
