00000000000110000000000000000000
00000000001110000000000000000000
00000000111110000000000000000000
00000001111100000000000000000000
00000011110000000000000000000000
00000111100000000000000000000000
00000111000000000000000000000000
00001111000000000000000000000000
00001110000000000000000000000000
00000100000000000000000000000000
00011100000000000000000000000000
00011100000000000000000000000000
00011100000000000000000000000000
00011100000000000000000000000000
00011100000000000000000000000000
00011101111111111000000000000000
00011101111111111110000000000000
00001111111111111111101000000000
00001110000000000111111000000000
00000111000000000000011110000000
00000111000000000000001111000000
00000101000000000000000111100000
00000011110000000000000011010000
00000001110000000000000000110000
00000001111000000000000000111000
00000000111100000000000000111000
00000000001000000000000000111000
00000000001100000000000000111000
00000000001111000000000000111000
00000000000111111111111111111000
00000000000000111111111111100000
00000000000000111111111111100000
