00000010100000000000000000000000
00000111100000000000000000000000
00000111100000000000000000000000
00001111000000000000000000000000
00011110000000000000000000000000
00011100000000000000000000000000
00011100000000000000000000000000
00111000000000000000000000000000
00111000000000000000000000000000
00111000000000000000000000000000
00111000000000000000000000000000
00110000000000000000000000000000
00110000000000000000000000000000
00110000000000000000000000000000
00110000000000000000000000000000
00111000000000000000000000000000
00011000110111111111111101000000
00111001111111111111111111100000
00111011111111111111111111111000
00011111000000000000000001111000
00011100000000000000000000011100
00011110000000000000000000001100
00001100000000000000000000011100
00000111000000000000000000001100
00000111100000000000000000001100
00000011100000000000000000010100
00000001111000000000000001111000
00000000111100000000000011111000
00000000101110000000011111110000
00000000001111111111111111000000
00000000000111111111111000000000
00000000000001011111010000000000
