00000000000000100000000000000000
00000000000001110000000000000000
00000000000001110000000000000000
00000000000011100000000000000000
00000000000111100000000000000000
00000000000111000000000000000000
00000000000110000000000000000000
00000000001110000000000000000000
00000000011110000000000000000000
00000000011100000000000000000000
00000000011100000000000000000000
00000000111000000000000000000000
00000000111000000000000000000000
00000001110000000000000000000000
00000001110000000000000000000000
00000011000000000000000000000000
00000011100000000000000000000000
00000011101111111111100000000000
00000011111111111111111000000000
00000011011000000001111100000000
00000011000000000000011100000000
00000111000000000000000010000000
00000111000000000000000010100000
00000111000000000000000011100000
00000111000000000000000110000000
00000111000000000000001111000000
00000111000000000000011110000000
00000011100000000001111100000000
00000011100000001111110000000000
00000001110111111111100000000000
00000000101111111100000000000000
00000000010110110000000000000000
