00000000000000000010000000000000
00000000000000000010000000000000
00000000000000001111000000000000
00000000000000011110000000000000
00000000000000111100000000000000
00000000000001111000000000000000
00000000000011110000000000000000
00000000000111100000000000000000
00000000000111000000000000000000
00000000000101000000000000000000
00000000011110000000000000000000
00000000111110000000000000000000
00000000011111000000000000000000
00000000111111110000000000000000
00000000011001111100000000000000
00000000111000011110000000000000
00000000111000011111000000000000
00000000111000000111000000000000
00000000111000000011100000000000
00000000111000000000110000000000
00000000111000000001111000000000
00000000111000000000110000000000
00000000111000000000010100000000
00000000111100000000011000000000
00000000011100000000011100000000
00000000011110000000011100000000
00000000001111000000011100000000
00000000000111000000011100000000
00000000000011110000011100000000
00000000000001111111111000000000
00000000000000010111101000000000
00000000000000000110100000000000
