00000000000010000000000000000001
00000000000011000000000000000001
00000000000100000000000000000001
00000000000110000000000000000001
00000000000110000000000000000001
00000000001110000000000000000001
00000000001110000000000000000001
00000000000110000000000000000001
00000000001110000000000000000001
00000000001110000000000000000001
00000000001100000000000000000001
00000000001100000000000000000001
00000000001110000000000000000001
00000000011111110000000000000001
00000000011111111100000000000001
00000000011100011111100000000001
00000000011000000101100000000001
00000000010000000001111000000001
00000000011000000000111000000001
00000000111000000000011000000001
00000000111000000000001100000001
00000000110000000000001000000001
00000000110000000000001100000001
00000000100000000000101000000001
00000001110000000001111000000001
00000001110000000011110000000001
00000001110000001111000000000001
00000001110000011110000000000001
00000001110001111100000000000001
00000000011111110000000000000001
00000000001111100000000000000001
00000000001101000000000000000001
