00000000000011100000000000000000
00000000000011100000000000000000
00000000000011100000000000000000
00000000000011100000000000000000
00000000000011100000000000000000
00000000000010000000000000000000
00000000000011000000000000000000
00000000000111000000000000000000
00000000000111000000000000000000
00000000000111000000000000000000
00000000000110000000000000000000
00000000001110000000000000000000
00000000001100000000000000000000
00000000001100000000000000000000
00000000011110110000000000000000
00000000111111111110000000000000
00000000111000111111000000000000
00000000111000000111100000000000
00000000110000000001111000000000
00000000110000000000101000000000
00000000110000000000001100000000
00000000110000000000011100000000
00000000110000000000001100000000
00000000110000000000001100000000
00000000110000000000011000000000
00000000110000000000111100000000
00000000111000000001111000000000
00000000111000001111110000000000
00000000111000111111000000000000
00000000011011111100000000000000
00000000011111100000000000000000
00000000000010000000000000000000
