00000000000111000000000000000000
00000000001110000000000000000000
00000000001111000000000000000000
00000000001111000000000000000000
00000000001110000000000000000000
00000000011110000000000000000000
00000000011110000000000000000000
00000000011110000000000000000000
00000000011100000000000000000000
00000000110100000000000000000000
00000000111100000000000000000000
00000000111000000000000000000000
00000001111000000000000000000000
00000001111000000000000000000000
00000000111000000000000000000000
00000001111001110100000000000000
00000001110001111010000000000000
00000001110001111101000000000000
00000001110000011011100000000000
00000001110000000111101000000000
00000001110000000000110100000000
00000001110000000000101110000000
00000001110000000000011100000000
00000001110000000000001111000000
00000000110000000000001111000000
00000001111000000000010110000000
00000001111000000000111100000000
00000000110100000011110100000000
00000000010011111111101000000000
00000000001111111111110000000000
00000000000111111111000000000000
00000000000011111000000000000000
