00000000000000000001100000000000
00000000000000000001110000000000
00000000000000000011111000000000
00000000000000000111110000000000
00000000000000001111100000000000
00000000000000011111000000000000
00000000000000111110000000000000
00000000000001111100000000000000
00000000000011111000000000000000
00000000000111110000000000000000
00000000000111110000000000000000
00000000000111000000000000000000
00000000011111000000000000000000
00000000111111111101000000000000
00000001111111111101100000000000
00000011111111111111111010000000
00000111111011111111111101000000
00000111111000000000101111110000
00001111000000000000000101111000
00011101000000000000000011111100
00001110000000000000000000111110
00011100000000000000000000011110
00011000000000000000000000011110
00010000000000000000000001111100
01111000000000000000000011110100
01111000000000000000001111111000
00011000000000000000111111100000
01111000000000000111111111000000
00011111111111011111111100000000
00001111111111111111110000000000
00010111111111111110000000000000
00000111111110110000000000000000
