00000000000000000001000000000000
00000000000000000111000000000000
00000000000000001111000000000000
00000000000000001110000000000000
00000000000000011100000000000000
00000000000000111100000000000000
00000000000001111000000000000000
00000000000011110000000000000000
00000000000111100000000000000000
00000000000111000000000000000000
00000000001110000000000000000000
00000000011111000000000000000000
00000000111111000100000000000000
00000001111111111110100000000000
00000001110000001101111000000000
00000011110000000001111100000000
00000001000000000000001111000000
00000111000000000000000111100000
00000111000000000000000001100000
00000110000000000000000001110000
00000110000000000000000001110000
00001110000000000000000001110000
00001110000000000000000001110000
00001110000000000000000001110000
00001110000000000000000001110000
00001110000000000000000111000000
00000010000000000000001110000000
00000111000000000000111110000000
00000111000000000110111100000000
00000011111111110111010000000000
00000011111111111110000000000000
00000000111111101000000000000000
