00000000000000001000000000000000
00000000000000001100000000000000
00000000000000001100000000000000
00000000000000111000000000000000
00000000000001110000000000000000
00000000000011110000000000000000
00000000000011100000000000000000
00000000000111000000000000000000
00000000001110000000000000000000
00000000011110000000000000000000
00000000111000000000000000000000
00000000111000011100000000000000
00000001110000010110000000000000
00000001110000000101000000000000
00000001000000000111100000000000
00000011000000000011010000000000
00000011100000000001111000000000
00000011000000000000011100000000
00000011000000000000011010000000
00000111000000000000001100000000
00000111000000000000000111000000
00000111000000000000000111000000
00000111000000000000000011000000
00000111000000000000000010000000
00000011000000000000000011100000
00000011000000000000000011100000
00000011100000000000000011000000
00000001110000000000000010000000
00000000100000000000011110000000
00000000111101111111111100000000
00000000011111111111110000000000
00000000000001111111100000000000
