00000000000000000010000000000000
00000000000000001110000000000000
00000000000000011110000000000000
00000000000000111100000000000000
00000000000000111000000000000000
00000000000001111000000000000000
00000000000011110000000000000000
00000000000111100000000000000000
00000000001111000000000000000000
00000000011110100000000000000000
00000000111101100000000000000000
00000000111001110000000000000000
00000001111000111000000000000000
00000011100000011000000000000000
00000011100000000110000000000000
00000111100000001000000000000000
00000111000000000110100000000000
00000111000000000011010000000000
00000111000000000000111000000000
00000111000000000000111000000000
00000111000000000000001000000000
00000111000000000000001110000000
00000101100000000000001100000000
00000011100000000000000111000000
00000011110000000000000111100000
00000001110000000000000011100000
00000000011000000000000011100000
00000000111100000000000001000000
00000000011010000000000111100000
00000000001111111111011111000000
00000000000101111111101100000000
00000000000010111111101000000000
