00000000000000000010000000000000
00000000000000000011000000000000
00000000000000000011000000000000
00000000000000001111000000000000
00000000000000001110000000000000
00000000000000011100000000000000
00000000000000011100000000000000
00000000000000111000000000000000
00000000000000111000000000000000
00000000000001110000000000000000
00000000000001110000000000000000
00000000000011001000000000000000
00000000000111001110000000000000
00000000000111001110000000000000
00000000001010000011100000000000
00000000001110000010110000000000
00000000001100000001100000000000
00000000011100000000111000000000
00000000010100000000111000000000
00000000101000000000011100000000
00000000111000000000001100000000
00000000111000000000001110000000
00000000110000000000001110000000
00000000110000000000001110000000
00000001110000000000011100000000
00000001110000000000011100000000
00000001110000000000111000000000
00000000110000000001110000000000
00000000111000000011010000000000
00000000011111111111100000000000
00000000011111111111000000000000
00000000000001111000000000000000
