00000000000000000001110000000000
00000000000000001111101000000000
00000000000000111111111100000000
00000000000000111110011100000000
00000000001111111100001110000000
00000000010111110000001110000000
00000000111111000000001110000000
00000001111100000000000110000000
00000000000000000000001110000000
00000000000000000000011100000000
00000000000000000000011100000000
00000000000000000000111000000000
00000000000000000000111100000000
00000000000000000000111000000000
00000000000000000000011000000000
00000000000000000000111000000000
00000000000000000001111000000000
00000000000000000001110000000000
00000000000000000001110000000000
00000000000000000001110000000000
00000000000000000011110000000000
00000000000000000001110000000000
00000000000000000011100000000000
00000000000000000011100000000000
00000000000000000001100000000000
00000000000000000111100000000000
00000000000000000101100000000000
00000000000000000001000000000000
00000000000000000010000000000000
00000000000000000110000000000000
00000000000000001111000000000000
00000000000000001111000000000000
