00000000000000000000111100000000
00000000000000000111111100000000
00000000000000011111111110000000
00000000000010111111101110000000
00000000001111111100001110000000
00000000111111100000001110000000
00000000110110000000001110000000
00000001111000000000001110000000
00000001110000000000001110000000
00000001110000000000001110000000
00000001110000000000001010000000
00000001110000000000001110000000
00000000000000000000001110000000
00000000000000000000001110000000
00000000000000000000001110000000
00000000000000000000000110000000
00000000000000000000001100000000
00000000000000000000010100000000
00000000000000000000011100000000
00000000000000000000011000000000
00000000000000000000011100000000
00000000000000000000111100000000
00000000000000000000111100000000
00000000000000000000111000000000
00000000000000000000011000000000
00000000000000000000111000000000
00000000000000000001111000000000
00000000000000000001110000000000
00000000000000000001100000000000
00000000000000000001110000000000
00000000000000000011110000000000
00000000000000000011100000000000
