00000000000000000011000000000010
00000000000000001111100000000010
00000000000000011101100000000010
00000000000001111101100000000010
00000000000001100001100000000010
00000000000110000001100000000010
00000000000000000001100000000010
00000000000000000001100000000010
00000000000000000001100000000010
00000000000000000001100000000010
00000000000000000001100000000010
00000000000000000001100000000010
00000000000000000001100000000010
00000000000000000001100000000010
00000000000000000001100000000010
00000000000000000001100000000010
00000000000000000001100000000010
00000000000000000011100000000010
00000000000000000011100000000010
00000000000000000001100000000010
00000000000000000011000000000010
00000000000000000011000000000010
00000000000000000010000000000010
00000000000000000111000000000010
00000000000000000111000000000010
00000000000000000101000000000010
00000000000000000110000000000010
00000000000000000110000000000010
00000000000000000110000000000010
00000000000000001110000000000010
00000000000000001110000000000010
00000000000000001110000000000010
