00000000000000000011111000000000
00000000000011111111111100000000
00000000000011111110111100000000
00000000001100100000011100000000
00000000011100000000011100000000
00000000011000000000011100000000
00000000010000000000011100000000
00000000111000000000001100000000
00000000000000000000011100000000
00000000000000000000011100000000
00000000000000000000111000000000
00000000000000000000011000000000
00000000000000000000111000000000
00000000000000000000110000000000
00000000000000000000110000000000
00000000000000000001110000000000
00000000000000000001100000000000
00000000000000000001110000000000
00000000000000000001110000000000
00000000000000000001100000000000
00000000000000000011100000000000
00000000000000000011100000000000
00000000000000000011100000000000
00000000000000000011000000000000
00000000000000000011100000000000
00000000000000000011000000000000
00000000000000000111000000000000
00000000000000000111000000000000
00000000000000000111000000000000
00000000000000000111000000000000
00000000000000000111000000000000
00000000000000000010000000000000
