00000000000000000000111110000000
00000000000000011110111111100000
00000000001111111111111111100000
00000011111111111110000011100000
00000011111110000000000011100000
00000001000000000000000011100000
00000000000000000000000011100000
00000000000000000000000011100000
00000000000000000000000011000000
00000000000000000000000011000000
00000000000000000000000111000000
00000000000000000000000111000000
00000000000000000000000111000000
00000000000000000000000110000000
00000000000000000000000110000000
00000000000000000000001110000000
00000000000000000000001110000000
00000000000000000000001110000000
00000000000000000000001100000000
00000000000000000000011100000000
00000000000000000000011100000000
00000000000000000000011000000000
00000000000000000000011000000000
00000000000000000000110000000000
00000000000000000000111000000000
00000000000000000000110000000000
00000000000000000000110000000000
00000000000000000000100000000000
00000000000000000001110000000000
00000000000000000001110000000000
00000000000000000001110000000000
00000000000000000000000000000000
