00000000000100000011100000000000
00000000001111111111111000000000
00000000000111111101111000000000
00000000000011111100111000000000
00000000000000000000111000000000
00000000000000000000111000000000
00000000000000000000111000000000
00000000000000000000111000000000
00000000000000000000110000000000
00000000000000000001010000000000
00000000000000000001110000000000
00000000000000000001110000000000
00000000000000000001110000000000
00000000000000000001110000000000
00000000000000000001110000000000
00000000000000000001110000000000
00000000000000000011110000000000
00000000000000000011100000000000
00000000000000000011100000000000
00000000000000000011100000000000
00000000000000000011100000000000
00000000000000000001100000000000
00000000000000000111000000000000
00000000000000000111000000000000
00000000000000000111000000000000
00000000000000000111000000000000
00000000000000000111000000000000
00000000000000000111000000000000
00000000000000000111000000000000
00000000000000000111000000000000
00000000000000000111000000000000
00000000000000000001000000000000
