00000001111111111111110000000000
00000001111111111111100000000000
00000001111111111111111000000000
00000000000000000000111000000000
00000000000000000000111000000000
00000000000000000000111000000000
00000000000000000000111000000000
00000000000000000000111000000000
00000000000000000000111000000000
00000000000000000000111000000000
00000000000000000000111000000000
00000000000000000000111000000000
00000000000000000000111000000000
00000000000000000000111000000000
00000000000000000000111000000000
00000000000000000000111000000000
00000000000000000000011000000000
00000000000000000000111000000000
00000000000000000000011100000000
00000000000000000000011100000000
00000000000000000000011100000000
00000000000000000000011100000000
00000000000000000000011100000000
00000000000000000000011100000000
00000000000000000000011100000000
00000000000000000000011100000000
00000000000000000000011100000000
00000000000000000000011100000000
00000000000000000000001100000000
00000000000000000000001000000000
00000000000000000000001100000000
00000000000000000000000000000000
