00000000000000000001000000000000
00000000000000001111100000000000
00000000000001111111110000000000
00000000000111111101111000000000
00000000001111100000111000000000
00000000011011000000100000000000
00000000001100000000011100000000
00000000000000000000011100000000
00000000000000000000011000000000
00000000000000000000011100000000
00000000000000000000011100000000
00000000000000000000011100000000
00000000000000000000011100000000
00000000000000000000011100000000
00000000000000000000011100000000
00000000000000000000011100000000
00000000000000000000011100000000
00000000000000000000011100000000
00000000000000000000011100000000
00000000000000000000011100000000
00000000000000000000111000000000
00000000000000000000011000000000
00000000000000000000111000000000
00000000000000000000111000000000
00000000000000000000111000000000
00000000000000000000111000000000
00000000000000000000111000000000
00000000000000000000111000000000
00000000000000000000111000000000
00000000000000000000111000000000
00000000000000000000111000000000
00000000000000000000111000000000
