00000000000000000001100000000000
00000000000000011111110000000000
00000000000001111111110000000000
00000000000101110111110000000000
00000000000111110001110000000000
00000000001111000001110000000000
00000000000000000001110000000000
00000000000000000001110000000000
00000000000000000001110000000000
00000000000000000001110000000000
00000000000000000001110000000000
00000000000000000001110000000000
00000000000000000011100000000000
00000000000000000011100000000000
00000000000000000011100000000000
00000000000000000011100000000000
00000000000000000011100000000000
00000000000000000011100000000000
00000000000000000011100000000000
00000000000000000001100000000000
00000000000000000011100000000000
00000000000000000011100000000000
00000000000000000011100000000000
00000000000000000011100000000000
00000000000000000011100000000000
00000000000000000011100000000000
00000000000000000011100000000000
00000000000000000011100000000000
00000000000000000011100000000000
00000000000000000011100000000000
00000000000000000011100000000000
00000000000000000011100000000000
