00000011111111111111111000000000
00000011111111111111111000000000
00000011111111111111111110000000
00000011111111111111111110000000
00000000000000000000011110000000
00000000000000000000011110000000
00000000000000000000011110000000
00000000000000000000011110000000
00000000000000000000011110000000
00000000000000000000011110000000
00000000000000000000011110000000
00000000000000000000011110000000
00000000000000000000011110000000
00000000000000000000011110000000
00000000000000000000011110000000
00000000000000000000011110000000
00000000000000000000011110000000
00000000000000000000011110000000
00000000000000000000011110000000
00000000000000000000011110000000
00000000000000000000011110000000
00000000000000000000011110000000
00000000000000000000001110000000
00000000000000000000001110000000
00000000000000000000000111000000
00000000000000000000000011000000
00000000000000000000001111000000
00000000000000000000001100000000
00000000000000000000001111000000
00000000000000000000001111000000
00000000000000000000000000000000
00000000000000000000000000000000
