00000000000000000000000000000000
00000000000000000010111000000000
00000000000000011101111000000000
00000000000001111111011000000000
00000000000111111100011000000000
00000000011111100000111000000000
00000000011010000000111000000000
00000000001000000000111000000000
00000000000000000001110000000000
00000000000000000001110000000000
00000000000000000001100000000000
00000000000000000011100000000000
00000000000000000011100000000000
00000000000000000001000000000000
00000000000000000111000000000000
00000000000000000111000000000000
00000000000000000111000000000000
00000000000000001110000000000000
00000000000000001110000000000000
00000000000000001110000000000000
00000000000000001100000000000000
00000000000000011100000000000000
00000000000000011100000000000000
00000000000000111000000000000000
00000000000000011000000000000000
00000000000000010000000000000000
00000000000000011000000000000000
00000000000000110000000000000000
00000000000000110000000000000000
00000000000000110000000000000000
00000000000000110000000000000000
00000000000000110000000000000000
