00000000000000001111111000000000
00000000000011111111111010000000
00000000011111111111111100000000
00000001111111110000000111000000
00000000111100000000000111000000
00000001000000000000000111000000
00000000000000000000000111000000
00000000000000000000000110000000
00000000000000000000000111000000
00000000000000000000001011000000
00000000000000000000001110000000
00000000000000000000001110000000
00000000000000000000001010000000
00000000000000000000010100000000
00000000000000000000011000000000
00000000000000000000011100000000
00000000000000000000111100000000
00000000000000000000011000000000
00000000000000000000111000000000
00000000000000000000111000000000
00000000000000000000110000000000
00000000000000000001110000000000
00000000000000000001110000000000
00000000000000000001110000000000
00000000000000000001110000000000
00000000000000000001110000000000
00000000000000000001110000000000
00000000000000000001110000000000
00000000000000000001110000000000
00000000000000000001110000000000
00000000000000000001110000000000
00000000000000000001110000000000
