00000000000000000000100000000000
00000000000000000011110000000000
00000000000000011111111000000000
00000000000001111111111000000000
00000000000111111111111000000000
00000000011111111001110000000000
00000000011111000001110000000000
00000000001100000001110000000000
00000000000000000001110000000000
00000000000000000001110000000000
00000000000000000001110000000000
00000000000000000001110000000000
00000000000000000001110000000000
00000000000000000001110000000000
00000000000000000001110000000000
00000000000000000001110000000000
00000000000000000001110000000000
00000000000000000001110000000000
00000000000000000001110000000000
00000000000000000001110000000000
00000000000000000001110000000000
00000000000000000001110000000000
00000000000000000001110000000000
00000000000000000001110000000000
00000000000000000001110000000000
00000000000000000001110000000000
00000000000000000001110000000000
00000000000000000001110000000000
00000000000000000001110000000000
00000000000000000001011000000000
00000000000000000000101000000000
00000000000000000000011000000000
