00000000000000000111100000000000
00000000000000011111100000000000
00000000000001011111010000000000
00000000000001110000110000000000
00000000000111000000111000000000
00000000001111000000011000000000
00000000000110000000111000000000
00000000011110000000011000000000
00000000111100000000011000000000
00000000111000000000011000000000
00000000111000000000011100000000
00000001110000000000011100000000
00000000110000000000011100000000
00000001110000000000011100000000
00000000000000000000011100000000
00000000000000000000011100000000
00000000000000000000011100000000
00000000000000000000011100000000
00000000000000000000011100000000
00000000000000000000011100000000
00000000000000000000011100000000
00000000000000000000011100000000
00000000000000000000011100000000
00000000000000000000011000000000
00000000000000000000001100000000
00000000000000000000011100000000
00000000000000000000001000000000
00000000000000000000001110000000
00000000000000000000001110000000
00000000000000000000000110000000
00000000000000000000001000000000
00000000000000000000000100000000
