00000000000000000000000010100000
00000000000000011111101110101000
00000000111111111111111111100000
00000101111101111111111110110000
00000011111111111110000000111000
00000111111111000000000000111000
00011110000000000000000000111000
00000000000000000000000000111000
00000000000000000000000000111000
00000000000000000000000000111000
00000000000000000000000000111000
00000000000000000000000000111000
00000000000000000000000000111000
00000000000000000000000000111000
00000000000000000000000000111000
00000000000000000000000000111000
00000000000000000000000000111000
00000000000000000000000000111000
00000000000000000000000000111000
00000000000000000000000000111000
00000000000000000000000000111000
00000000000000000000000000111000
00000000000000000000000000111000
00000000000000000000000000111000
00000000000000000000000000111000
00000000000000000000000000111000
00000000000000000000000000111000
00000000000000000000000000110000
00000000000000000000000000111000
00000000000000000000000001111000
00000000000000000000000000110000
00000000000000000000000001111000
