00000000000000000000011000000000
00000000000000000111111100000000
00000000000000011111011100000000
00000000000011111101011100000000
00000000000111111000011100000000
00000000001111100000011100000000
00000000111110000000011100000000
00000000111000000000011100000000
00000000000000000000011100000000
00000000000000000000011100000000
00000000000000000000111100000000
00000000000000000000101000000000
00000000000000000000110000000000
00000000000000000000010000000000
00000000000000000001110000000000
00000000000000000000110000000000
00000000000000000001110000000000
00000000000000000001110000000000
00000000000000000001110000000000
00000000000000000000110000000000
00000000000000000011100000000000
00000000000000000001100000000000
00000000000000000001100000000000
00000000000000000011100000000000
00000000000000000011100000000000
00000000000000000011100000000000
00000000000000000011000000000000
00000000000000000011000000000000
00000000000000000011000000000000
00000000000000000011000000000000
00000000000000000011000000000000
00000000000000000011000000000000
