00000000000000000010110000000100
00000000000000111111111000000100
00000000000011111111111000000100
00000000001100111000111000000100
00000000011111000000111000000100
00000000000100000000111000000100
00000000111000000000111000000100
00000000111000000000111000000100
00000000111000000000111000000100
00000000111000000000111000000100
00000000000000000000111000000100
00000000000000000000111000000100
00000000000000000000111000000100
00000000000000000000111000000100
00000000000000000000111000000100
00000000000000000000111000000100
00000000000000000000111000000100
00000000000000000000111000000100
00000000000000000000111000000100
00000000000000000000111000000100
00000000000000000000111000000100
00000000000000000000111000000100
00000000000000000000011000000100
00000000000000000000011000000100
00000000000000000000011000000100
00000000000000000000011000000100
00000000000000000000011000000100
00000000000000000000011000000100
00000000000000000000011000000100
00000000000000000000011000000100
00000000000000000000011100000100
00000000000000000000011100000100
