00000000000010111111111100000000
00000011111111111111111111000000
00000011111111111111111111000000
00000011111110000000000111000000
00000000000000000000000111000000
00000000000000000000000111000000
00000000000000000000000111000000
00000000000000000000000111000000
00000000000000000000000111000000
00000000000000000000000111000000
00000000000000000000000111000000
00000000000000000000000111000000
00000000000000000000000111000000
00000000000000000000001111000000
00000000000000000000001100000000
00000000000000000000001110000000
00000000000000000000001110000000
00000000000000000000001110000000
00000000000000000000001110000000
00000000000000000000011110000000
00000000000000000000010100000000
00000000000000000000011100000000
00000000000000000000011100000000
00000000000000000000011000000000
00000000000000000000011000000000
00000000000000000000011100000000
00000000000000000000011000000000
00000000000000000000111100000000
00000000000000000000011000000000
00000000000000000000111000000000
00000000000000000000111000000000
00000000000000000000111000000000
