00000000000000001011110000000000
00000000000001111111110100000000
00000000000111111011111100000000
00000000001111110000011100000000
00000000011110000000011100000000
00000000000000000000011100000000
00000000000000000000011100000000
00000000000000000000011100000000
00000000000000000000011100000000
00000000000000000000011100000000
00000000000000000000011100000000
00000000000000000000011100000000
00000000000000000000011000000000
00000000000000000000011100000000
00000000000000000000011100000000
00000000000000000000011100000000
00000000000000000000011100000000
00000000000000000000011100000000
00000000000000000000010000000000
00000000000000000000111000000000
00000000000000000000111000000000
00000000000000000000110000000000
00000000000000000000111000000000
00000000000000000000110000000000
00000000000000000000111000000000
00000000000000000000111000000000
00000000000000000000111000000000
00000000000000000001110000000000
00000000000000000001110000000000
00000000000000000001110000000000
00000000000000000000100000000000
00000000000000000001110000000000
