00001111111111111111111111000000
00001111111111111111111111000000
00001111111111111111111111110000
00000000000000000000111111000000
00000000000000000000000111100000
00000000000000000000000111000000
00000000000000000000000111000000
00000000000000000000001110000000
00000000000000000000001010000000
00000000000000000000001110000000
00000000000000000000011010000000
00000000000000000000011100000000
00000000000000000000111100000000
00000000000000000000111100000000
00000000000000000000111000000000
00000000000000000001111000000000
00000000000000000001111000000000
00000000000000000001110000000000
00000000000000000011110000000000
00000000000000000011110000000000
00000000000000000011100000000000
00000000000000000011100000000000
00000000000000000111100000000000
00000000000000000111100000000000
00000000000000000111100000000000
00000000000000000111100000000000
00000000000000000111000000000000
00000000000000000111000000000000
00000000000000000111000000000000
00000000000000000111000000000000
00000000000000000010000000000000
00000000000000000111000000000000
