00000000000000000001110100000000
00000000000010111111111100000000
00000001111110111111011111000000
00000001111111101010000111000000
00000001111110000000000111000000
00000000000000000000000111000000
00000000000000000000000111000000
00000000000000000000001111000000
00000000000000000000001110000000
00000000000000000000001110000000
00000000000000000000001110000000
00000000000000000000011100000000
00000000000000000000011100000000
00000000000000000000111100000000
00000000000000000000111100000000
00000000000000000000111000000000
00000000000000000000111000000000
00000000000000000000111000000000
00000000000000000001111000000000
00000000000000000001110000000000
00000000000000000001110000000000
00000000000000000011100000000000
00000000000000000011000000000000
00000000000000000011100000000000
00000000000000000011100000000000
00000000000000000011100000000000
00000000000000000111000000000000
00000000000000000111000000000000
00000000000000000110000000000000
00000000000000000100000000000000
00000000000000000111000000000000
00000000000000001110000000000000
