00000000000011111111111100000000
00000000111111111111111100000000
00000001111111111111111110000000
00000001111110000000001110000000
00000001110000000000001110000000
00000000000000000000001110000000
00000000000000000000001110000000
00000000000000000000001110000000
00000000000000000000001110000000
00000000000000000000001110000000
00000000000000000000001110000000
00000000000000000000001110000000
00000000000000000000001110000000
00000000000000000000001110000000
00000000000000000000001110000000
00000000000000000000001110000000
00000000000000000000001110000000
00000000000000000000001110000000
00000000000000000000001110000000
00000000000000000000001110000000
00000000000000000000001110000000
00000000000000000000001110000000
00000000000000000000001110000000
00000000000000000000001110000000
00000000000000000000001110000000
00000000000000000000001110000000
00000000000000000000001110000000
00000000000000000000001110000000
00000000000000000000001110000000
00000000000000000000001110000000
00000000000000000000001110000000
00000000000000000000001110000000
