00000000001111111100000000000000
00000000111111111111110000000000
00000000111111101111111111000000
00000001100000000011111110000000
00000011100000000000111011100000
00000011100000000000000011100000
00000111000000000000000001100000
00000111000000000000000101000000
00000111000000000000011111000000
00000111000000000000111110000000
00000011100000000011111100000000
00000011100000001011110000000000
00000001110000110111000000000000
00000000111001111100000000000000
00000000011111110000000000000000
00000000001111100000000000000000
00000000101111110000000000000000
00000001011101110000000000000000
00000001110000111000000000000000
00000011100000011100000000000000
00000011000000001110000000000000
00000111000000001111000000000000
00000111000000000110100000000000
00000011000000000011100000000000
00000011110000000001110000000000
00000001111100000001111000000000
00000000111110000000111000000000
00000000001111000000011000000000
00000000000111111000011100000000
00000000000001111111111100000000
00000000000000011111110000000000
00000000000000001111110000000000
