00000000000000011110000000000000
00000000000000111111100000000000
00000000000001111111110000000000
00000000000011000001010000000000
00000000000011100000011100000000
00000000000111000000011100000000
00000000000011000000011100000000
00000000000010000000011000000000
00000000000000000000111000000000
00000000001110000000110000000000
00000000001110000000011000000000
00000000001110000010110000000000
00000000000110000001100000000000
00000000000111000011000000000000
00000000000011100011000000000000
00000000000011101110000000000000
00000000000001110100000000000000
00000000000001111000000000000000
00000000000011111011000000000000
00000000000111001110100000000000
00000000001111000111110000000000
00000000000110000000111000000000
00000000011100000000110000000000
00000000010000000000011000000000
00000000111000000000001000000000
00000000111000000000011100000000
00000000111000000000011100000000
00000000101000000000001000000000
00000000011111000000010000000000
00000000011111111111111000000000
00000000000101111111110000000000
00000000000000011111100000000000
