00000000000000010000000000000000
00000000000011111110000000000000
00000000001111111110000000000000
00000000101111100010110000000000
00000011111000000000011000000000
00000001110000000000111000000000
00000001100000000000111000000000
00000011110000000000111000000000
00000001101100000000101000000000
00000000011100000000111000000000
00000000001101000001110000000000
00000000000111000111100000000000
00000000000011111111000000000000
00000000000001111100000000000000
00000000000001111000000000000000
00000000000111111100000000000000
00000000001101011110000000000000
00000000011110001110000000000000
00000000001100000111000000000000
00000000111000000111100000000000
00000000111000000011100000000000
00000000110000000001110000000000
00000000111000000000111000000000
00000000010000000000111000000000
00000000111000000000001000000000
00000000011100000000011000000000
00000000001100000000001110000000
00000000000110000000001110000000
00000000000111000000001110000000
00000000000011100000000110000000
00000000000001010111111111000000
00000000000000100111110110000000
