00000000000000011000000000000000
00000001111111111110000000000000
00001001111111111110000000000000
00011111111111111111000000000000
00011100000000000011000000000000
00011000000000000101000000000000
00001100000000000110000000000000
00011110000000000100000000000000
00000111000000001100000000000000
00000111100000111000000000000000
00000011110001111000000000000000
00000000111111100000000000000000
00000000011111000000000000000000
00000000001111000000000000000000
00000000101111100000000000000000
00000000101011110000000000000000
00000001100001011100000000000000
00000101100000011111000000000000
00000111000000001111110000000000
00000110000000000011111000000000
00011110000000000000111110000000
00011100000000000000011111000000
00011100000000000000000111100000
00001100000000000000000011110000
00001110000000000000000001110000
00000110100000000000000000111000
00000011111000000000000000000000
00000001111110000000000000011000
00000000001111110000000000011000
00000000000111111011111011111000
00000000000000010111111111100000
00000000000000000111111101000000
