00000000000000000000000000000000
00000000001111010000000000000000
00000000011111100000000000000000
00000000111110011000000000000000
00000000111000011100000000000000
00000001110000011100000000000000
00000011100000001000000000000000
00000011100000110000000000000000
00000000110001111000000000000000
00000001110111110000000000000000
00000000011110100000000000000000
00000000011111000000000000000000
00000000011111110000000000000000
00000000111111111000000000000000
00000001111000111110000000000000
00000010110000011101100000000000
00000011100000000111110000000000
00000100100000000011111100000000
00000111000000000000111110000000
00000111000000000000001110000000
00000011000000000000000011100000
00000011000000000000000011100000
00000011100000000000000011100000
00000011100000000000000011100000
00000011100000000000000011000000
00000011100000000000000111100000
00000000110000000000001101000000
00000001111000000000011110000000
00000000100000000011111000000000
00000000111011111111111000000000
00000000001111111111100000000000
00000000000111111110000000000000
