00000000000001111101000000000000
00000000000101111110000000000000
00000000000011111110000000000000
00000000001110000100000000000000
00000000001110000001110000000000
00000000001110000001110000000000
00000000001110000001110000000000
00000000001011000011110000000000
00000000000110000100100000000000
00000000000011100111000000000000
00000000000001111110000000000000
00000000000001111100000000000000
00000000000110111000000000000000
00000000001110101100000000000000
00000000010111011100000000000000
00000000011100001110000000000000
00000000111000001110000000000000
00000000101000000111000000000000
00000001110000000111100000000000
00000001110000000011100000000000
00000001110000000001110000000000
00000000100000000001010000000000
00000001110000000000111000000000
00000000110000000000011100000000
00000000111000000000010100000000
00000000111000000000001110000000
00000000011000000000001100000000
00000000011010000000001110000000
00000000001111100000001110000000
00000000000011111111111110000000
00000000000001111111111100000000
00000000000000101111000000000000
