00000000000111111110000000000000
00000000000111111110100000000000
00000000001111110111111000000000
00000000011111000001010000000000
00000001111000000000111100000000
00000001110000000000011100000000
00000011100000000000111100000000
00000011110000000010110000000000
00000001111000011111100000000000
00000000111111111111100000000000
00000000001111001100000000000000
00000000001111100000000000000000
00000000011111111000000000000000
00000000110001111100000000000000
00000111111000111111000000000000
00000110100000001111100000000000
00000111000000000111110000000000
00001100000000000001111100000000
00111000000000000000111110000000
00111000000000000000001111100000
00111000000000000000000111110000
00111000000000000000000001101000
00111000000000000000000000111000
00011100000000000000000000011000
00001100000000000000000000011100
00010110000000000000000000011100
00001111000000000000000000011100
00000111100000000000000000111000
00000011110100000000000011111000
00000001010111111111111111101000
00000000001101111111111111100000
00000000000111111111111110000000
