00000000001111000000000000000000
00000000011111100000000000000000
00000001111111111100000000000000
00000010110000111000000000000000
00000111000000001010000000000000
00000111000000000100000000000000
00000001100000000011000000000000
00000011100000000000100000000000
00000000010000000000000000000000
00000001110000000001110000000000
00000000011000000001110000000000
00000000111000000001110000000000
00000000011100000001110000000000
00000000001100000001100000000000
00000000000111000011100000000000
00000000000100100011000000000000
00000000000011101111000000000000
00000000000001111110000000000000
00000000000001111100000000000000
00000000000010111110000000000000
00000000000111101111000000000000
00000000000111000011100000000000
00000000001110000001111000000000
00000000001110000000111110000000
00000000001110000000001110000000
00000000000000000000000111000000
00000000000011000000000011100000
00000000000101010000000011100000
00000000000000100100000011100000
00000000000000101101111111100000
00000000000000001111111111000000
00000000000000000001110000000000
