00000000000111110000000000000000
00000000001111111111000000000000
00000000001111111111110000000000
00000000011000001101110000000000
00000000011100000000110000000000
00000000001100000000011100000000
00000000001110000000011100000000
00000000000111000000110000000000
00000000000011000010101000000000
00000000000011101111110000000000
00000000000001111110000000000000
00000000000011111000000000000000
00000000011111111000000000000000
00000000111010001000000000000000
00000001111000001110000000000000
00000001110000001111000000000000
00000011100000000111000000000000
00000111000000000011100000000000
00000011000000000011110000000000
00000011000000000001111000000000
00000001000000000000011000000000
00000001100000000000011100000000
00000001110000000000011100000000
00000000111000000000001110000000
00000000111000000000000111000000
00000000011100000000000111000000
00000000001110000000000011000000
00000000000111100000000011100000
00000000000010011000000011100000
00000000000001111111111110000000
00000000000000001111111111000000
00000000000000000011100100000000
