00000000001000000000000000000000
00000000111111110000000000000000
00000001111111111100000000000000
00000001111111111111000000000000
00000011100000001111100000000000
00000011100000000011100000000000
00000001110000000001111000000000
00000001110000000000011000000000
00000000111000000000011000000000
00000000111100000000111000000000
00000000011110000001111000000000
00000000001110000101100000000000
00000000000111011110100000000000
00000000000001111100000000000000
00000000000111111000000000000000
00000000001111110100000000000000
00000000011110011100000000000000
00000000111100000111000000000000
00000000110000000011010000000000
00000001010000000001110000000000
00000011100000000000111000000000
00000011100000000000011100000000
00000011100000000000011100000000
00000001100000000000001110000000
00000001100000000000000110000000
00000001110000000000000110000000
00000001110000000000000111000000
00000000111000000000000111000000
00000000111100000000111110000000
00000000011111111110111010000000
00000000001111111111110100000000
00000000000001111110000000000000
