00000000100110111000000000000000
00000001111111111110000000000000
00000011111111111111010000000000
00011111110000000011110000000000
00111010000000000001110000000000
00111000000000000001110000000000
00111000000000000001110000000000
00111000000000000001100000000000
00001100000000000000000000000000
00001111000000001111000000000000
00000111100000011100000000000000
00000011110001111100000000000000
00000001111111110000000000000000
00000000011111100000000000000000
00000000111111111000000000000000
00000001111001010111000000000000
00000010110000111111010000000000
00000011000000000010111111000000
00000011000000000000011010100000
00000110000000000000000111110000
00000110000000000000000000111000
00000110000000000000000000011100
00000110000000000000000000011100
00000011000000000000000000001100
00000111000000000000000000001100
00000011100000000000000000011000
00000001100000000000000000110000
00000001110000000000000001101000
00000001111000000000001111010000
00000000110001111111111110000000
00000000001111111111111110000000
00000000000011111111110000000000
