00000000011111111100000000000000
00000001111111111110000000000000
00000101111111111111000000000000
00001101100000000011000000000000
00011110000000000001110000000000
00011100000000000001110000000000
00011100000000000001110000000000
00001100000000000011100000000000
00000010000000000110000000000000
00001111000000011111000000000000
00000111100001111110000000000000
00000011110001111000000000000000
00000000111111100000000000000000
00000000011111000000000000000000
00000001111111000000000000000000
00000011110011111000000000000000
00000111100001011110000000000000
00000111000000011111100000000000
00000010000000000111111000000000
00001110000000000001110100000000
00001110000000000000011110000000
00000000000000000000001111100000
00000101000000000000000001100000
00000010000000000000000001110000
00000001100000000000000001110000
00000001110000000000000000111000
00000001111000000000000000010000
00000000100110000000000000011000
00000000011111100000000000110000
00000000000011010111111011110000
00000000000001101111111111100000
00000000000000011111111110000000
