00000000000001101100000000000000
00000000000111111011100000000000
00000000011111111111100000000000
00000000001111000010111000000000
00000001111000000000101000000000
00000001110000000000001100000000
00000011100000000000001100000000
00000011100000000000001100000000
00000011000000000000001100000000
00000011000000000000001100000000
00000111000000000000011100000000
00000111000000000000011100000000
00000111000000000000011000000000
00000011100000000001110000000000
00000011110000000011100000000000
00000001111000000111000000000000
00000000111111011111000000000000
00000000001111111110000000000000
00000000000011111111100000000000
00000000001111111101111000000000
00000000011111000001111110000000
00000000011100000000001010000000
00000000111000000000000011000000
00000000110000000000000011100000
00000001110000000000000011100000
00000001110000000000000011100000
00000000000000000000000000000000
00000000010000000000000111000000
00000000101110000000001101000000
00000000001111111111111010000000
00000000000101111111111000000000
00000000000001111101100000000000
