00000000001111111000000000000000
00000001111111111111000000000000
00000000111111111111111000000000
00000001000000001111111110000000
00000111000000000000111100000000
00000011100000000000000100000000
00000001100000000000111110000000
00000001111000000001111100000000
00000000111100001111110000000000
00000000011110011111000000000000
00000000001111011110000000000000
00000000000111110000000000000000
00000000011111110000000000000000
00000001111111111100000000000000
00000011111000111110000000000000
00001111100000001111100000000000
00011111000000000111110000000000
00011000000000000001111100000000
01111000000000000000110110000000
01110000000000000000001111000000
11100000000000000000000111111000
11100000000000000000000001111000
11100000000000000000000000011110
11100000000000000000000000001110
11100000000000000000000000000000
01111000000000000000000000000111
01111100000000000000000000001110
00011111100000000000000000111110
00000111111100000000000111110000
00000001111111111111111111100000
00000000011111111111111110000000
00000000000011111111100000000000
