00000001111100100000000000000010
00000111111111101100000000000010
00001011111110111000000000000010
00011100000000001100000000000010
00011100000000001100000000000010
00001100000000001100000000000010
00001110000000001100000000000010
00000111000000001100000000000010
00000111100000011000000000000010
00000001111000001000000000000010
00000000111100110000000000000010
00000000011110110000000000000010
00000000001111110000000000000010
00000000000111100000000000000010
00000000000111110000000000000010
00000000011111110000000000000010
00000000111100011100000000000010
00000001111000011011000000000010
00000011110000001111100000000010
00000101100000000011110000000010
00000111000000000001111000000010
00000110000000000000010110000010
00001110000000000000001111000010
00001110000000000000000111100010
00000011000000000000000011110010
00000011110000000000000001110010
00000001111000000000000000111010
00000000011111000000000000111010
00000000000111100000000000111010
00000000000011111111111111111010
00000000000000011111111111110010
00000000000000000011111011000010
