00000000000011000000000000000000
00000000000111111000000000000000
00000000111111111000000000000000
00000011111110011110000000000000
00000011111000001101000000000000
00000111000000000010000000000000
00000110000000000011100000000000
00000110000000000011100000000000
00000111100000000001100000000000
00000010110000001111000000000000
00000001111100011100000000000000
00000000111111111100000000000000
00000000001111110000000000000000
00000000001111110000000000000000
00000000111111111000000000000000
00000001011000111110000000000000
00000000110000011101000000000000
00000001100000000111010000000000
00000111000000000001111100000000
00000111000000000000101110000000
00001110000000000000001111100000
00001110000000000000000111100000
00000000000000000000000000110000
00000110000000000000000001110000
00000110000000000000000001110000
00000111100000000000000010110000
00000011010000000000000011000000
00000000111000000000011111000000
00000000111100000001111110000000
00000000011111111111110000000000
00000000001011111111100000000000
00000000000111110010000000000000
