00000000000011000000000000000000
00000000011111111000000000000000
00000001111111110100000000000000
00000001111110000100000000000000
00000111000000001110000000000000
00000111000000011110000000000000
00000001000000011000000000000000
00000011100000011100000000000000
00000011110000110000000000000000
00000000101001110000000000000000
00000000111111000000000000000000
00000000011111100000000000000000
00000000001111100000000000000000
00000000011111110000000000000000
00000000111101111100000000000000
00000001111000111100000000000000
00000011110000011111000000000000
00000011100000000111100000000000
00000111000000000011111000000000
00001111000000000000111100000000
00000110000000000000001100000000
00001110000000000000000111000000
00001110000000000000000111000000
00001110000000000000000011100000
00001110000000000000000001110000
00001110000000000000000001110000
00001110000000000000000001110000
00000110100000000000000001110000
00000101111110000000000011110000
00000001111111111111110111110000
00000000001101111111111110000000
00000000000011111111111000000000
