00000000010111000000000000000000
00000000011111110000000000000000
00000000011111111110000000000000
00000001101111011111100000000000
00000011111111000111111000000000
00000111100000000001111100000000
00001110000000000000011110000000
00001110000000000000001110000000
00001110000000000000001110000000
00000110000000000000011100000000
00000111000000000000101100000000
00000011110000000001001000000000
00000001111000000111010000000000
00000000111110001111100000000000
00000000011110101110000000000000
00000000000111111100000000000000
00000000000011111000000000000000
00000000001111111110000000000000
00000000011100011111100000000000
00000000011100000111111000000000
00000001111000000001111100000000
00000001110000000000011101000000
00000001000000000000001111100000
00000011100000000000000010000000
00000011100000000000000001000000
00000011100000000000000000110000
00000011000000000000000001110000
00000010100000000000000001100000
00000001110000000000000111100000
00000000011111111111111110000000
00000000001111111111110110000000
00000000001111111111110000000000
