00000000001111100000000000000000
00000011111111111100000000000000
00000111111111111110000000000000
00000111111111101011000000000000
00001110000000000011000000000000
00001110000000000101000000000000
00001110000000000011000000000000
00000111000000000011100000000000
00000101100000000011100000000000
00000011110000000011100000000000
00000001110000000011100000000000
00000000111100000011100000000000
00000000011100000011100000000000
00000000001111000011100000000000
00000000001111100011100000000000
00000000000011110011100000000000
00000000000001111111100000000000
00000000000000010111100000000000
00000000000000001111100000000000
00000000000000000111110000000000
00000000000000000011110000000000
00000000000000000010111110000000
00000000000000000111001111000000
00000000000000000110000111000000
00000000000000001110000011100000
00000000000000011100000011110000
00000000000000111100000001110000
00000000000001101000000001110000
00000000000000110000001100100000
00000000000000111111111111100000
00000000000011111111111010000000
00000000000000111111110000000000
