00000000000001100000000000000000
00000000000111111100000000000000
00000000111111111010000000000000
00000000111111111101000000000000
00000001111000000111000000000000
00000111000000000011000000000000
00000111000000000011000000000000
00000011000000000011000000000000
00000011100000000011000000000000
00000010110000000110000000000000
00000001111000001110000000000000
00000000111100111100000000000000
00000000011111111000000000000000
00000000001111110000000000000000
00000000010111100000000000000000
00000001111111111000000000000000
00000001110001111110000000000000
00000111110000011111110000000000
00001110000000000111111100000000
00001110000000000001111111000000
00011100000000000000001011110000
00111100000000000000000001111000
00111000000000000000000000101000
00010000000000000000000000011000
00110000000000000000000000001000
00110000000000000000000000001110
00110000000000000000000000011100
00010000000000000000000001011100
00011000000000000000111111100000
00011111111111111111111111110000
00011111111111111111111110000000
00000111111111111111000000000000
