00000010111111110000000000000000
00000111111111111000000000000000
00001011111111111110000000000000
00010100000000011111100000000000
00110000000000000011110000000000
00110000000000000000110000000000
00111000000000000000111000000000
00111100000000000001110000000000
00011110000000011111110000000000
00001101000011111011100000000000
00000111111101111100000000000000
00000011111110100000000000000000
00000111111100000000000000000000
00001111111111000000000000000000
00011110001111110000000000000000
00111100000011110100000000000000
00111000000000011110000000000000
00110000000000001111000000000000
00110000000000000111110000000000
00110000000000000001011110000000
00110000000000000000011111000000
00011000000000000000000111100000
00111000000000000000000011110000
00011000000000000000000001110000
00011110000000000000000000001000
00001111000000000000000000011000
00000111101000000000000000001000
00000001111110000000000000001100
00000000011111010000000000001100
00000000000111111111111110011000
00000000000000111111111111000000
00000000000000000111111111100000
