00000000000100100000000000000000
00000000001111110000000000000000
00000000011111110000000000000000
00000000110110111110000000000000
00000001101000001100000000000000
00000011100000000111000000000000
00000111100000000111000000000000
00000010000000001110000000000000
00000111000000001110000000000000
00000011000000010000000000000000
00000110100001111000000000000000
00000011110011111000000000000000
00000001111111000000000000000000
00000000101111000000000000000000
00000000011111100000000000000000
00000000111111111000000000000000
00000001101011110110000000000000
00000011100000011111100000000000
00000111100000001111111000000000
00000011000000000001110100000000
00000111000000000000011110000000
00000111000000000000000111000000
00000111000000000000000011000000
00000111000000000000000011000000
00000011000000000000000011100000
00000001000000000000000011100000
00000011110000000000000011100000
00000001110000000000000011100000
00000000111000000000001110100000
00000000101111111101111111000000
00000000011111111111111100000000
00000000000111111010100000000000
