00000000001111111111100000000000
00000001111111111111011100000000
00000111111111111111111111000000
00001111111000000000111111000000
00001111000000000000000011100000
00001110000000000000001011000000
00000111000000000000111111000000
00001111100000000011111100000000
00000111111000011111110000000000
00000001111101111111100000000000
00000000111111111100000000000000
00000000001111110000000000000000
00000000011111111000000000000000
00000001111011111100000000000000
00000000111000111111000000000000
00000011110000001111100000000000
00000111000000000111110000000000
00000111000000000001111100000000
00000111000000000000111010000000
00000111000000000000001110100000
00000111000000000000000111100000
00000111000000000000000011110000
00000111000000000000000001110000
00000111000000000000000001110000
00000011000000000000000000111000
00000111000000000000000000111000
00000011000000000000000001111000
00000011100000000000001111100000
00000001110000000111111111000000
00000000110111111111111110000000
00000000111111111111110000000000
00000000000111101100000000000000
