00000000000110000000000000000000
00000000000110111000000000000000
00000000011110111011000000000000
00000000011000001111100000000000
00000000111000000011011000000000
00000000111000000000011100000000
00000000110000000000001100000000
00000000110000000000011000000000
00000000110000000000111000000000
00000000011000000001110000000000
00000000001100000001100000000000
00000000011100000111100000000000
00000000000110001111000000000000
00000000000010011100000000000000
00000000000011111000000000000000
00000000000001110000000000000000
00000000000011111000000000000000
00000000000111111100000000000000
00000000001110001110000000000000
00000000011100000111000000000000
00000000001100000011100000000000
00000000011000000001110000000000
00000000011000000001110000000000
00000000000000000000011000000000
00000000011100000000011000000000
00000000000100000000011100000000
00000000000010100000001100000000
00000000000000110000011100000000
00000000000000111000011100000000
00000000000000011011011100000000
00000000000000000110111000000000
00000000000000000011111000000000
