00001111111111111100000000000000
00011111111111111111100000000000
01111111111111111111101000000000
11100000000000000000011100000000
11100000000000000000011110000000
01100000000000000000000101000000
01111000000000000000000111000000
00111100000000000000000111000000
00010111000000000000000110000000
00001111100000000000001010000000
00000011110000000000111000000000
00000001111100000111110000000000
00000000011111111111100000000000
00000000001111111110000000000000
00000001001111111100000000000000
00000001111110111110000000000000
00001111100000001111100000000000
00000110000000000101111000000000
00011100000000000001111110000000
00011000000000000000011011100000
00011000000000000000000111111000
00000100000000000000000001111100
00011100000000000000000000010110
00001110000000000000000000000100
00000111000000000000000000000000
00000001110000000000000000000111
00000000111110000000000000000111
00000000011111000000000000001111
00000000000111110000000000001110
00000000000001111111000001111000
00000000000000011111111111111000
00000000000000000111111111100000
