00000000000000000000000000000000
00000011111111111111110000000000
00111111111111111111111011000000
00111111111111111111111111000000
11111100000000000000000110110000
11110000000000000000000001111000
11111000000000000000000010100000
01111110000000000000000011110000
00011111000000000000010111000000
00001111110000000001111110000000
00000011111000000111110100000000
00000001111011110111111000000000
00000000111111111111000000000000
00000001111111111100000000000000
00001011111111111100000000000000
00001111110001111111000000000000
00011110000000010111100000000000
00111100000000000111110000000000
00111000000000000001011100000000
00111000000000000000111111000000
00111000000000000000001111100000
00111000000000000000000111110000
00111100000000000000000001110000
00001110000000000000000000111000
00001111000000000000000000101100
00001111000000000000000000010110
00000011111000000000000000001110
00000001111110000000000000000001
00000000111111111000000000001111
00000000000110111111111111111101
00000000000001111111111111101110
00000000000000000111111111100000
