00000000111110111110000000000000
00000011111111111111111110000000
00000011111111111111111101000000
00000111000000000000001111100000
00000110000000000000000001100000
00000110000000000000000000111000
00000110000000000000000000111000
00000111000000000000000001110000
00000111000000000000000111010000
00000011100000000000001111100000
00000001100000000011111110000000
00000001111100011111100000000000
00000000101111111111000000000000
00000000001111111100000000000000
00000000011111111000000000000000
00000001111111111100000000000000
00000011111000011110000000000000
00000111100000001111100000000000
00001111000000000011111000000000
00000110000000000000110100000000
00001000000000000000011110000000
00011100000000000000001110000000
00011100000000000000000111000000
00011100000000000000000011100000
00011100000000000000000011100000
00001100000000000000000011100000
00000110000000000000000011100000
00000011100000000000000011000000
00000011111000000000000011000000
00000001110111111111111111000000
00000000011011111111110100000000
00000000000010111111111000000000
