00000001111110000000000000000100
00000111111111111110000000000100
00001111111111111111111100000100
00011000111111111111111010000100
00011100000000000000111111000100
00001100000000000000000010000100
00001110000000000000000011100100
00001111000000000000000011100100
00000111100000000000000011100100
00000011110000000000000111000100
00000001111100000000011110000100
00000000011110000011111100000100
00000000001111111111111100000100
00000000001111111111100000000100
00000001111111110000000000000100
00000011111101111100000000000100
00000111100000111110000000000100
00001111000000001111000000000100
00001110000000000111100000000100
00001100000000000011110000000100
00001100000000000001111100000100
00000110000000000000011110000100
00000110000000000000001110000100
00000111000000000000000111100100
00000111100000000000000011110100
00000011100000000000000001110100
00000001110000000000000000010100
00000000111000000000000000111100
00000000111100000000000000111100
00000000011111011111111110110100
00000000001111111111111111100100
00000000000001111111111110000100
