00000000000111100000000000000000
00000000011111111000000000000000
00000000111111111111010000000000
00000001111111111111111000000000
00000001110000000001111100000000
00000011100000000000001000000000
00000011000000000000000110000000
00000111000000000000000110000000
00000111000000000000001110000000
00000111000000000000011110000000
00000111000000000001111000000000
00000111000000001111110000000000
00000011100001111111100000000000
00000011110111111100000000000000
00000001011111100000000000000000
00000000111110000000000000000000
00000001111111000000000000000000
00000011110111110000000000000000
00000011100011111000000000000000
00000111000000111110000000000000
00000110000000001111100000000000
00000110000000000111110000000000
00001110000000000001111100000000
00001110000000000000011110000000
00001110000000000000001110000000
00000111000000000000000111100000
00000011000000000000000001100000
00000011110000000000000000100000
00000001111100000000000001110000
00000000000111111111111111000000
00000000001111111111111110100000
00000000000001011111111110000000
