00000000000011110000000000000000
00000000000011111111000000000000
00000000111111111111110000000000
00000111011111111001011000000000
00001011100000001000111000000000
00001110000000000000001110000000
00001110000000000000011000000000
00000110000000000000111000000000
00000111000000000011111000000000
00000111100000000111100000000000
00000011110000011110000000000000
00000001101000111010000000000000
00000000111111110000000000000000
00000000011111110000000000000000
00000000000111100000000000000000
00000000011111110000000000000000
00000000111001111100000000000000
00000000111000111010000000000000
00000001110000001111000000000000
00000001110000000111110000000000
00000011100000000011111000000000
00000011100000000000111100000000
00000011100000000000011110000000
00000011100000000000001111000000
00000011100000000000000111100000
00000000010000000000000011110000
00000001110000000000000001010000
00000001101000000000000001110000
00000000111100000000000001110000
00000000001011111111111111100000
00000000001011111111111111100000
00000000000010111111011110000000
