00000000001111000000000000000000
00000000011111111000000000000000
00000000111111111111000000000000
00000011111111011111110000000000
00000011100000000011111000000000
00000111000000000000010100000000
00000110000000000000011110000000
00001110000000000000000110000000
00001110000000000000000110000000
00000110000000000000000110000000
00000111000000000000000110000000
00000101100000000000000110000000
00000011100000000000000110000000
00000001111000000000001100000000
00000000011110000000111010000000
00000000011111100011111000000000
00000000000111111111110000000000
00000000000001111111000000000000
00000000000011111111111000000000
00000000000111100011111011000000
00000000000010000000111111000000
00000000000110000000000011100000
00000000000110000000000011100000
00000000000110000000000001100000
00000000000110000000000001110000
00000000000110000000000001110000
00000000000110000000000001110000
00000000000111000000000001110000
00000000000110000000000001100000
00000000000011111111111111100000
00000000000000111111111101000000
00000000000000001111111100000000
