00000011111111000000000000000000
00000011111111111111000000000000
00001111111111111111111000000000
00001110000000000111111111100000
00001110000000000000001111100000
00001110000000000000000111000000
00001110000000000000000011100000
00001110000000000000000001110000
00000110000000000000000001110000
00000011000000000000000001110000
00000011100000000000000001110000
00000001110000000000000001110000
00000001111000000000000001110000
00000000111100000000000111100000
00000000001111000011111111000000
00000000000111110111101110000000
00000000000011111101110000000000
00000000000111111100000000000000
00000000001111011111000000000000
00000000011100000111110000000000
00000000011000000001111100000000
00000000111000000000111110000000
00000000111000000000001111000000
00000000011000000000000010000000
00000000011100000000000000110000
00000000001110000000000000110000
00000000001011100000000000100000
00000000000101111000000000110000
00000000000001111100000000110000
00000000000000011111111111110000
00000000000000000101111111100000
00000000000000000000101111100000
