00000011100100000000000000000000
00000011111110100000000000000000
00000011111001111100000000000000
00000010100001111110110000000000
00000111000000001110111000000000
00000111000000000000001000000000
00001110000000000000011100000000
00001100000000000000001100000000
00001110000000000000011100000000
00001110000000000000011100000000
00001110000000000000111100000000
00001110000000000001100000000000
00001111000000000011110000000000
00000111100000000111100000000000
00000010111000011110000000000000
00000001111111111110000000000000
00000000011111111110000000000000
00000000001111111111100000000000
00000000001111000011011000000000
00000000111100000001111100000000
00000000110000000000011110000000
00000001110000000000001110000000
00000011110000000000000110000000
00000011100000000000000011000000
00000011100000000000000001000000
00000011100000000000000001110000
00000011100000000000000001100000
00000011100000000000000001110000
00000001110000000000000111110000
00000001111101111111111110010000
00000000001111111111111111000000
00000000000111111111111000000000
