00000000000011111111010000000000
00000001111111111111110000000000
00000111111011111111111100000000
00000011010000000000011000000000
00001110000000000000111000000000
00001110000000000001101000000000
00000110000000000010110000000000
00001111000000000011100000000000
00000011100000001101000000000000
00000011111001111110000000000000
00000000111111111000000000000000
00000000011110000000000000000000
00000000001111000000000000000000
00000000011111110000000000000000
00000000111101111000000000000000
00000000111000111110000000000000
00000001010000011110000000000000
00000000100000001111100000000000
00000001110000000011111000000000
00000001110000000001111100000000
00000001110000000000011110100000
00000001110000000000001111100000
00000001110000000000000011110000
00000001110000000000000001110000
00000000110000000000000000010000
00000000111000000000000000110000
00000000111100000000000000110000
00000000011100000000000000110000
00000000000111000000000001110000
00000000001111111111111111010000
00000000000001111111111110100000
00000000000001111111111100000000
