00000000111111000000000000000000
00000001111111110000000000000000
00000001011111111110000000000000
00000011000000111111111000000000
00000011000000111111111010000000
00000011000000000000011110000000
00000011000000000000001110000000
00000011100000000000001100000000
00000011100000000000001010000000
00000001010000000000001000000000
00000001111000000001111100000000
00000000111100000111111000000000
00000000011110011111100000000000
00000000000111111100000000000000
00000000000111111000000000000000
00000000001111110000000000000000
00000000111110111100000000000000
00000001111100011110000000000000
00000011110000001111000000000000
00000011100000000101110000000000
00000011000000000011101000000000
00000110000000000000111100000000
00000111000000000000011000000000
00000111100000000000000111000000
00000011110000000000000010100000
00000001011100000000000011000000
00000000011111000000000001000000
00000000001111100000000001100000
00000000000011111010000011100000
00000000000000110110110111000000
00000000000000001101111110000000
00000000000000000001110110000000
