00000000111111111000000000000000
00000001111111111110000000000000
00000101111111111110010000000000
00000010000000000110110000000000
00000110000000000000111000000000
00001110000000000000001000000000
00001110000000000000000000000000
00001110000000000000011000000000
00000111000000000000111100000000
00000011000000000001111000000000
00000011110000000111110000000000
00000001111000011111000000000000
00000000111101100110000000000000
00000000010111111000000000000000
00000000000111110000000000000000
00000000011111100000000000000000
00000000111111111000000000000000
00000000101000111100000000000000
00000011110000010111000000000000
00000111100000001110100000000000
00000011000000000011100000000000
00000111000000000001111000000000
00000111000000000000111100000000
00000111000000000000001110000000
00000011110000000000001111000000
00000011101100000000000111100000
00000000011011000000000010000000
00000000001111100000000000010000
00000000000111110000000001110000
00000000000001111111000001110000
00000000000000011111111111110000
00000000000000000011111111000000
