00000000000111100000000000000000
00000000111111100111100000000000
00000001101111111111111000000000
00000010110000000111111000000000
00000011100000000000111100000000
00000011100000000000011100000000
00000011100000000000011100000000
00000001000000000000011000000000
00000011100000000000111000000000
00000011110000000001110000000000
00000001110000000011110000000000
00000001000000001111100000000000
00000000111000011111000000000000
00000000111101111100000000000000
00000000011111101000000000000000
00000000111111000000000000000000
00000001111111110000000000000000
00000001110011111000000000000000
00000011000000011100000000000000
00000111000000011110000000000000
00000011000000001101000000000000
00000110000000000111110000000000
00000110000000000011111000000000
00000111000000000000111100000000
00000110000000000000011110000000
00000011000000000000000011000000
00000011100000000000000001000000
00000001110000000000000001100000
00000000001100000000000111000000
00000000111111111111111111000000
00000000000111111111111110000000
00000000000001111110110000000000
