00000011111101000000000000000000
00000111111111101100000000000000
00000111111011111111110000000000
00000010000000000111111000000000
00001100000000000010111000000000
00001100000000000000011000000000
00001100000000000000011000000000
00001100000000000000111000000000
00000110000000000000110000000000
00000011000000000000000000000000
00000001100000000011110000000000
00000001111000000111100000000000
00000000111100011110000000000000
00000000001111111110000000000000
00000000001111111000000000000000
00000000001111110000000000000000
00000000111111111100000000000000
00000001111100011110000000000000
00000111110000001111000000000000
00001111000000000111100000000000
00001110000000000011111000000000
00001100000000000000111100000000
00011000000000000000011110000000
00001100000000000000001111000000
00001110000000000000000111100000
00000111100000000000000001110000
00000011111000000000000000100000
00000001100110000000000000100000
00000000011111000000000000011000
00000000001111111111111101110000
00000000000000111111111111110000
00000000000000000111111101000000
