00000000101111111110000000000000
00000010111111111111110010000000
00000011111111101111111111100000
00000111100000000001111111110000
00001111000000000000000111110000
00001110000000000000000001110000
00001110000000000000000001110000
00000110000000000000000011110000
00001111100000000000001111010000
00000111110000000000100110000000
00000011111000000001111100000000
00000000111100000111111000000000
00000000011110111111000000000000
00000000001111111100000000000000
00000000000111111000000000000000
00000000001111111100000000000000
00000000011110111100000000000000
00000000011000001111100000000000
00000000111000000101110000000000
00000001110000000011111000000000
00000001110000000001111100000000
00000001110000000000011100000000
00000001110000000000011110000000
00000001110000000000001110000000
00000001110000000000000110000000
00000000010000000000000110100000
00000000100000000000000011100000
00000000011000000000000011100000
00000000011111100000000011100000
00000000000111011111111110000000
00000000000011111111111110000000
00000000000000111011111110000000
