00000000001111110000000000000000
00000000010111111100000000000000
00000000111111110011000000000000
00000000011000000011110000000000
00000000110000000001111100000000
00000001110000000001101100000000
00000001100000000000111110000000
00000001100000000000010100000000
00000000110000000000111110000000
00000000110000000011111000000000
00000000101000000111010000000000
00000000111000011111000000000000
00000000011110111110000000000000
00000000001111111000000000000000
00000000000111110000000000000000
00000000001111110000000000000000
00000000011111110000000000000000
00000000111100111100000000000000
00000000111000011111000000000000
00000001110000000111100000000000
00000011100000000011110000000000
00000011100000000001111100000000
00000111000000000000001100000000
00000111000000000000000110000000
00000111000000000000000110000000
00000111000000000000000001100000
00000011000000000000000001100000
00000011110000000000000011100000
00000011101000000000000001000000
00000000101111111111111111000000
00000000011111111111111111000000
00000000000011111111111000000000
