00000000000000000000000000000000
00000000000011111100000000000000
00000000001111111110000000000000
00000000111111111111110000000000
00000001111100000110101000000000
00000001110000000000100000000000
00000001100000000000011000000000
00000011100000000000011000000000
00000111000000000000011000000000
00000111000000000000011000000000
00000111000000000000111000000000
00000111000000000000110000000000
00000101100000000001110000000000
00000011100000000011110000000000
00000001110000001111100000000000
00000000111100011111000000000000
00000000111111111100000000000000
00000000001111111000000000000000
00000000000111111110000000000000
00000000001111111111100000000000
00000000011110001111111000000000
00000000111100000011111100000000
00000001111000000000011111000000
00000001110000000000001011000000
00000011100000000000000011100000
00000011100000000000000011100000
00000011100000000000000011100000
00000011100000000000000011100000
00000011100000000000000101100000
00000000111111111111111111000000
00000000101111111111111110000000
00000000010111111111111100000000
