00000001011111111000000000000000
00000000011111111100000000000000
00000000111000111111000000000000
00000001011100000011100000000000
00000001111000000011110000000000
00000011100000000000110000000000
00000110100000000000111000000000
00000111000000000000111000000000
00000111000000000000111000000000
00000111000000000000001000000000
00000111000000000001110000000000
00000111000000000011100000000000
00000011100000000111100000000000
00000001110000011111000000000000
00000000111100111100000000000000
00000000111111111000000000000000
00000000001111110000000000000000
00000000000111110000000000000000
00000000001111111000000000000000
00000000011100111110000000000000
00000000011100011111000000000000
00000000011000000111110000000000
00000000111000000001110100000000
00000000111000000000011100000000
00000001110000000000001110000000
00000001110000000000000011000000
00000001110000000000000011100000
00000001110000000000000011100000
00000001111000000000011110000000
00000000111111111111111100000000
00000000011111111111111000000000
00000000001111111111100000000000
