00000000000000000111000000000000
00000000000000111111110000000000
00000000000111111111111110000000
00000000111111111000111100000000
00000011111101000000000011000000
00000011111000000000000011100000
00000011000000000000000001110000
00001111000000000000000001110000
00000111110000000000000001110000
00000011111000000000000001100000
00000000111110000000000111000000
00000000010111100000001111100000
00000000000111100000111110000000
00000000000001111111111100000000
00000000000000111111110000000000
00000000000000011111110000000000
00000000000000011011111000000000
00000000000000111001111110000000
00000000000001110000011101000000
00000000000000110000000111000000
00000000000001110000000001100000
00000000000001110000000011100000
00000000000000100000000001110000
00000000000001110000000001100000
00000000000000111000000000110000
00000000000000111000000001110000
00000000000000011100000001110000
00000000000000001110000001110000
00000000000000001011000001110000
00000000000000000111111111110000
00000000000000000011111111100000
00000000000000000000010111000000
