00000001111111111111111000000000
00000010111111111111110111000000
00000111111111111111101111100000
00001011110111100000000011110000
00011111000000000000000001110000
00011100000000000000000010000000
00111000000000000000000111000000
00010000000000000000011110000000
01110000000000000001111110000000
00110000000000000111111000000000
00111000000000011111110000000000
00100110000011111110000000000000
00011111101111111000000000000000
00000111111110100000000000000000
00000011111111000000000000000000
00000111111111111100000000000000
00001111000011101110100000000000
00010110000000011111111000000000
00011100000000000001111110000000
00011100000000000000010111100000
00011100000000000000000111100000
00011100000000000000000001110000
00011100000000000000000000011100
00011100000000000000000000011100
00011100000000000000000000001000
00011100000000000000000000001110
00010110000000000000000000001110
00001111100000000000000000011000
00000011111000000000000001011100
00000000111110111111111111101000
00000000001111111111111111010000
00000000000011111111111110000000
