00000000111111100000000000000000
00000011111111111111000000000000
00000111111111111111100000000000
00001110000000000110110100000000
00001110000000000000011100000000
00001010000000000000001110000000
00000011000000000000000011000000
00000011110000000000000110000000
00000011111000000000000011000000
00000000111100000000000011000000
00000000011111000000011111000000
00000000000111100011110100000000
00000000000001111111111000000000
00000000000001111110000000000000
00000000000111111110000000000000
00000000011111101111100000000000
00000001111100000011110000000000
00000011111000000001111000000000
00000011100000000000111100000000
00000111000000000000011110000000
00000110000000000000000110000000
00001110000000000000000011100000
00001110000000000000000011100000
00001110000000000000000001110000
00000110000000000000000001010000
00000010100000000000000000110000
00000011110000000000000000110000
00000001111000000000000000110000
00000000111110000000000001110000
00000000011111000000000001110000
00000000000111111000001111100000
00000000000011111111111111000000
