00000000001111111111100000000000
00000000001111111111110000000000
00000000110111111111011100000000
00000001111111110000010100000000
00000011110000000000001111000000
00000011100000000000000011000000
00000111000000000000000111000000
00000110000000000000001100000000
00000110000000000000011100000000
00000111000000000001111100000000
00000011100000000011111000000000
00000011110000001111100000000000
00000001111000011111000000000000
00000000111111111100000000000000
00000000011111111000000000000000
00000000001111110000000000000000
00000000011111111100000000000000
00000000111100111110000000000000
00000001111000011111100000000000
00000011000000000011110000000000
00000111000000000001111100000000
00000010000000000000011010000000
00000110000000000000001111000000
00000111000000000000000011100000
00000111100000000000000011100000
00000000110000000000000011100000
00000001111100000000000001100000
00000000010111000000000001100000
00000000001111110000000001100000
00000000000011111111111111100000
00000000000000111111111111100000
00000000000000001011111110000000
