00000000000001110000000000000000
00000000000011111100000000000000
00000000111111111110000000000000
00000001011110000111000000000000
00000001110000000111000000000000
00000111100000000111000000000000
00000001100000000000000000000000
00000011111000000110000000000000
00000001111110000111000000000000
00000000011111101100000000000000
00000000000111111100000000000000
00000000000011111110000000000000
00000000000000111110000000000000
00000000000001111111000000000000
00000000000011110111110000000000
00000000000111100001110000000000
00000000000111000000111100000000
00000000001110000000011100000000
00000000011100000000000110000000
00000000111100000000001111000000
00000000111000000000000110000000
00000001010000000000000111000000
00000000110000000000000011000000
00000001110000000000000001000000
00000001110000000000000011100000
00000001110000000000000011100000
00000001110000000000000110100000
00000001110000000000011101000000
00000001110000000011011110000000
00000001111111101111111000000000
00000000111111111101000000000000
00000000011111111100000000000000
