00000000000001111011000000000000
00000000000111111111100000000000
00000000011111111101110000000000
00000000011100000001010000000000
00000000111000000000010000000000
00000000110000000000110000000000
00000000110000000000111000000000
00000000110000000000111000000000
00000000110000000000111000000000
00000000111000000000100000000000
00000000011000000001110000000000
00000000011110000011110000000000
00000000001111001111000000000000
00000000000111111110000000000000
00000000000011111100000000000000
00000000000111111100000000000000
00000000011111011110000000000000
00000001111100001111100000000000
00000011110000000011110000000000
00000111100000000001111100000000
00001110000000000000011110000000
00011100000000000000000111000000
00011100000000000000000111100000
00000100000000000000000011110000
00000110000000000000000001110000
00000111100000000000000000111000
00000011110000000000000000111000
00000001111100000000000000111000
00000000011111000000000000010000
00000000000111111111111111110000
00000000000001111111111111100000
00000000000000011111111111000000
