00000000000001111111000000000000
00000000000111111111100000000000
00000000111111111111111000000000
00000011111111111001111000000000
00000101110000000000000110000000
00000111000000000000000110000000
00000111100000000000000110000000
00000011110000000000001110000000
00000000111000000000001100000000
00000000111110000001111100000000
00000000011111000111111000000000
00000000000111111111000000000000
00000000000011111110000000000000
00000000000011111100000000000000
00000000000111111110000000000000
00000000001111000111100000000000
00000000011110000011100000000000
00000000111100000001111000000000
00000000111000000000111000000000
00000001110000000000011100000000
00000001110000000000001110000000
00000001110000000000001111000000
00000001110000000000000110000000
00000001110000000000000011100000
00000000110000000000000011000000
00000001110000000000000011100000
00000000111000000000000011100000
00000000111000000000000011100000
00000000001100000000001111000000
00000000000111111111111110000000
00000000000111111111111100000000
00000000000000111110110000000000
