00000000011111110000000000000000
00000001111111111100000000000000
00001111111011111111000000000000
00001111100000100111110000000000
00011100000000000011111000000000
00010000000000000000111000000000
11100000000000000000011100000000
01110000000000000000101000000000
00111100000000000001111000000000
00111110000000000111110000000000
00001111100000011111000000000000
00000011110001111110000000000000
00000001011111111000000000000000
00000000111111100000000000000000
00000001111111100000000000000000
00000011111111111000000000000000
00000011100001111100000000000000
00001111000000011111000000000000
00011100000000001111100000000000
00011100000000000011111000000000
00111000000000000001111100000000
00111000000000000000011110000000
00111000000000000000001111000000
00001000000000000000000111100000
00011100000000000000000011110000
00000111000000000000000000111000
00001111111000000000000000011110
00000011111111100000000000001110
00000000111111111000000000000111
00000000000111101111111111111111
00000000000000011110111111111100
00000000000000000001111111111000
