00000000111111111111000000000000
00000001111111111111000000000000
00000111111111111111101100000000
00001011000000000000111100000000
00000110000000000000001100000000
00001110000000000000000011000000
00000111000000000000000111000000
00000111000000000000000011000000
00000011110000000000000011000000
00000001111000000000000011000000
00000000111100000000000010000000
00000000011110000000001110000000
00000000001111000000111100000000
00000000000111111111111000000000
00000000000001111111100000000000
00000000001111111110000000000000
00000000011111111110000000000000
00000000111110001111100000000000
00000001110000000011110000000000
00000011100000000001110000000000
00000011100000000000111110000000
00000011100000000000001111000000
00000011100000000000000110100000
00000011100000000000000011100000
00000001100000000000000001100000
00000001110000000000000001100000
00000000110000000000000001110000
00000000111000000000000001110000
00000000011110000000000011010000
00000000011111111111111111000000
00000000000011111111111110000000
00000000000001111111110000000000
