00000000000001110000000000000000
00000000001011111000000000000000
00000000001111111100000000000000
00000000001100001110000000000000
00000000011100000010000000000000
00000000011000000011000000000000
00000000011000000011000000000000
00000000011100000001000000000000
00000000011100000010000000000000
00000000001110000101000000000000
00000000001111000111000000000000
00000000000111000110000000000000
00000000000010101100000000000000
00000000000001111110000000000000
00000000000001111100000000000000
00000000000000111100000000000000
00000000000000111100000000000000
00000000000000111110000000000000
00000000000000011101000000000000
00000000000001110111000000000000
00000000000000110011000000000000
00000000000001110001110000000000
00000000000001110001110000000000
00000000000001110000111000000000
00000000000001110000010000000000
00000000000001110000011000000000
00000000000001110000010000000000
00000000000000110000011000000000
00000000000000110000011000000000
00000000000000111111111000000000
00000000000000101111111000000000
00000000000000001111100000000000
