00000000000000110000000000000000
00000000000001111110000000000000
00000000000001100111000000000000
00000000000011100011110000000000
00000000000110000000100000000000
00000000000111000000111000000000
00000000000110000000011000000000
00000000000010000000011000000000
00000000000110000000111000000000
00000000000110000000110000000000
00000000000110000000111000000000
00000000000110000000110000000000
00000000000110000011100000000000
00000000000011100111100000000000
00000000000011100111000000000000
00000000000000111110000000000000
00000000000000111100000000000000
00000000000001111100000000000000
00000000000011111100000000000000
00000000000111101110000000000000
00000000001111000011100000000000
00000000001100000011110000000000
00000000011000000001110000000000
00000000011000000000111000000000
00000000001000000000111000000000
00000000011000000000011000000000
00000000001100000000011000000000
00000000000110000000011000000000
00000000000011100000011000000000
00000000000011110001110000000000
00000000000001111111100000000000
00000000000000001010000000000000
