00000000000001111100000000000000
00000000000001111111000000000000
00000000000111111111100000000000
00000000000111111000110000000000
00000000011100000000110000000000
00000000111000000000111000000000
00000000111000000000111000000000
00000000011000000000111000000000
00000000011100000001110000000000
00000000011110000001100000000000
00000000001111000011100000000000
00000000000111100111000000000000
00000000000011111110000000000000
00000000000001111100000000000000
00000000000000111100000000000000
00000000000001111110000000000000
00000000000011111111000000000000
00000000000111100101100000000000
00000000000111000011100000000000
00000000001110000000110000000000
00000000011100000000111000000000
00000000010100000000111000000000
00000000111000000000011000000000
00000000111000000000011100000000
00000000111000000000011100000000
00000000111000000000001100000000
00000000011100000000001100000000
00000000010110000000001100000000
00000000001111100000001100000000
00000000000011110000001000000000
00000000000001111111011000000000
00000000000000011111110000000000
