00000000000001110000000000000000
00000000000111110100000000000000
00000000001011111111000000000000
00000000001110001110000000000000
00000000001100000011100000000000
00000000011100000011100000000000
00000000011100000011000000000000
00000000011100000001000000000000
00000000010000000010000000000000
00000000001110000010000000000000
00000000000111000110000000000000
00000000000111101110000000000000
00000000000001100110000000000000
00000000000001111000000000000000
00000000000000111100000000000000
00000000000000011100000000000000
00000000000000111110000000000000
00000000000000111110000000000000
00000000000001010101000000000000
00000000000011100011100000000000
00000000000011100001100000000000
00000000000111000001010000000000
00000000000110000001110000000000
00000000001110000000110000000000
00000000000110000000111000000000
00000000001110000000111000000000
00000000000110000000111000000000
00000000000110100000111000000000
00000000000011010000111000000000
00000000000001111001101000000000
00000000000000011111110000000000
00000000000000000001100000000000
