00000000000111110000000000000000
00000000000111111110000000000000
00000000000111001111000000000000
00000000001101000011000000000000
00000000011100000011000000000000
00000000011100000011000000000000
00000000011100000111000000000000
00000000011100000101000000000000
00000000001100000110000000000000
00000000001110001100000000000000
00000000000111000010000000000000
00000000000001101000000000000000
00000000000011111000000000000000
00000000000001111000000000000000
00000000000011111000000000000000
00000000000111011000000000000000
00000000000110011100000000000000
00000000011100001110000000000000
00000000011100000111000000000000
00000000111000000111000000000000
00000000110000000011000000000000
00000000110000000011100000000000
00000001110000000001110000000000
00000001110000000001100000000000
00000001110000000000110000000000
00000001110000000000111000000000
00000000110000000000011000000000
00000000111000000000010100000000
00000000011000000000011000000000
00000000011100000000011100000000
00000000010111111111111100000000
00000000001111111110111100000000
