00000000000000001010100000000000
00000000000000011111100000000000
00000000001111111111100000000000
00000000011111011110000000000000
00000000111111000011100000000000
00000001110000000011100000000000
00000001110000000001100000000000
00000001111000000001100000000000
00000000111000000011100000000000
00000000011100000001000000000000
00000000011110000111000000000000
00000000001111001101000000000000
00000000000111111110000000000000
00000000000011111100000000000000
00000000000000111100000000000000
00000000000001111110000000000000
00000000000001111111100000000000
00000000000011100111100000000000
00000000000111000001110000000000
00000000000111000001111000000000
00000000001110000000111100000000
00000000001110000000011000000000
00000000001100000000011100000000
00000000011100000000001100000000
00000000011100000000001110000000
00000000011100000000001110000000
00000000011100000000001110000000
00000000000100000000001110000000
00000000001010000000001100000000
00000000000110111111101000000000
00000000000001111111111000000000
00000000000000111101100000000000
