00000000000011100000000000000000
00000000011111110000000000000000
00000000011111111100000000000000
00000001111000111010000000000000
00000011110000001111000000000000
00000000100000000111000000000000
00000011000000000011000000000000
00000000100000000011000000000000
00000011111000000010000000000000
00000001111100000001000000000000
00000000011110011100000000000000
00000000001111111100000000000000
00000000000111111000000000000000
00000000000011110000000000000000
00000000000111111000000000000000
00000000001011111100000000000000
00000000111110011110000000000000
00000001111000001111000000000000
00000011110000000111100000000000
00000011100000000011100000000000
00000011000000000011110000000000
00000011000000000001111000000000
00000011000000000000111100000000
00000011000000000000011100000000
00000001100000000000001110000000
00000001110000000000001101000000
00000001110000000000000111000000
00000000111100000000000010100000
00000000001111000000000011100000
00000000000111111111111011000000
00000000000011111111111100000000
00000000000000010111110000000000
