00000000010110000000000000000000
00000000111110000000000000000000
00000001111111111100000000000000
00000111111111111000000000000000
00001111000000010011000000000000
00001110000000000011100000000000
00001100000000000011101000000000
00001110000000000000011000000000
00001111000000000000011000000000
00000111100000000000011000000000
00000010110000000000011000000000
00000001110100000000111000000000
00000000111110000001010000000000
00000000001111100011110000000000
00000000000111111111000000000000
00000000000001011111000000000000
00000000000011111111100000000000
00000000001011110111111000000000
00000000111111000001110110000000
00000001011100000000011111000000
00000001111000000000001111000000
00000111100000000000000001100000
00000110000000000000000001100000
00000110000000000000000001110000
00000110000000000000000000111000
00000011000000000000000000111000
00000011100000000000000001100000
00000011110000000000000001110000
00000001111100000000011111100000
00000000111111111111111111000000
00000000001111111111110100000000
00000000000000011011000000000000
