00000111111111111100000000000000
00000111111111111110000000000000
00000111111111111110000000000000
00000010111100000110000000000000
00000011100000000110000000000000
00000111000000001110000000000000
00000111000000001000000000000000
00000011000000000110000000000000
00000011100000010100000000000000
00000001111000011100000000000000
00000001111100111000000000000000
00000000011110011000000000000000
00000000001111111000000000000000
00000000000111110000000000000000
00000000000011111000000000000000
00000000000101111100000000000000
00000000001111011110000000000000
00000000011110001111100000000000
00000000111100000111010000000000
00000001011000000001101000000000
00000011110000000000111100000000
00000011100000000000011100000000
00000011100000000000001110000000
00000011000000000000000011000000
00000011000000000000000111000000
00000011100000000000000001000000
00000001110000000000000011100000
00000000111100000000000011100000
00000000111110000000000011100000
00000000001111111111110111000000
00000000000010111111111100000000
00000000000000111111111100000000
