00000000000000101111000000000000
00000000000010111111110000000000
00000000000111111111100000000000
00000000011111100000110000000000
00000000001111100000101000000000
00000000001110000000011000000000
00000000001110000000011100000000
00000000001110000000011100000000
00000000001110000000011100000000
00000000001110000000011000000000
00000000000111000000011100000000
00000000000011000000110000000000
00000000000011100001101000000000
00000000000011100011110000000000
00000000000001110101100000000000
00000000000000111111000000000000
00000000000001111110000000000000
00000000000011111100000000000000
00000000000011111110000000000000
00000000001111001110000000000000
00000000011110000111000000000000
00000000011100000111000000000000
00000000011000000011100000000000
00000000011000000011100000000000
00000000011000000011100000000000
00000000001100000011100000000000
00000000011000000001100000000000
00000000011100000001100000000000
00000000001110000011100000000000
00000000000110111111100000000000
00000000000001111101000000000000
00000000000000111110000000000000
