00000000000001011100000000000000
00000000000111111111000000000000
00000000001111111111100000000000
00000000111110000011110000000000
00000000010000000000111000000000
00000000110000000000011000000000
00000001110000000000011000000000
00000001100000000000011000000000
00000001100000000000011000000000
00000011000000000000010000000000
00000011100000000000111000000000
00000011100000000001100000000000
00000011100000000101110000000000
00000011100000001111100000000000
00000001110000011111000000000000
00000001110001111100000000000000
00000000111111111000000000000000
00000000011111000000000000000000
00000000011111000000000000000000
00000000101101010000000000000000
00000001111011111000000000000000
00000011010000111110000000000000
00000011100000011111000000000000
00000011100000001111110000000000
00000001100000000011101000000000
00000001100000000000111100000000
00000000010000000000011110000000
00000001111000000000001011000000
00000000111111000000000111000000
00000000010111111111111111000000
00000000000011111111111101000000
00000000000000011111110000000000
