00000000000000001010000000000000
00000000000000111111000000000000
00000000001011111110010000000000
00000000111111111101100000000000
00000001011110000000111000000000
00000001111000000000000000000000
00000001110000000000110000000000
00000001110000000001110000000000
00000001110000000001110000000000
00000000111000000011000000000000
00000000111100000110100000000000
00000000011110001111000000000000
00000000001111011100000000000000
00000000000111111100000000000000
00000000000011111000000000000000
00000000000011111000000000000000
00000000000111111100000000000000
00000000001011011110000000000000
00000000001110001111000000000000
00000000011110000111100000000000
00000000011100000011100000000000
00000000001100000001111000000000
00000000011100000000111100000000
00000000011100000000011110000000
00000000011100000000001100000000
00000000011100000000001110000000
00000000011100000000000111000000
00000000011100000000000111000000
00000000011000000000000111000000
00000000011111111111011010000000
00000000001111111111111110000000
00000000000011111111101000000000
