00000000000000001110000000000000
00000000000000001110000000000000
00000000000000000110000000000000
00000000000010110011000000000000
00000000001111110011000000000000
00000000010111000011000000000000
00000000011100000011000000000000
00000000110000000111000000000000
00000000110000000111000000000000
00000000111000000101000000000000
00000000111100001110000000000000
00000000011110001110000000000000
00000000001111001100000000000000
00000000000111101100000000000000
00000000000011111000000000000000
00000000000001111000000000000000
00000000000001111100000000000000
00000000000001101111000000000000
00000000000011100111100000000000
00000000000010100011110000000000
00000000000110000001110000000000
00000000001110000000111000000000
00000000001110000000011000000000
00000000000100000000011100000000
00000000001100000000011100000000
00000000001100000000001100000000
00000000001100000000001100000000
00000000001110000000001100000000
00000000000110000000011100000000
00000000000111111111111000000000
00000000000011111111110000000000
00000000000000111110100000000000
