00000000011101000000000000000000
00000000111111111000000000000000
00000000111111011111000000000000
00000000110000010111100000000000
00000000110000000011110000000000
00000000110000000001110000000000
00000000010000000000110000000000
00000000111000000001110000000000
00000000011100000011110000000000
00000000001110000111100000000000
00000000001110000111000000000000
00000000000111011110000000000000
00000000000111111100000000000000
00000000000011111000000000000000
00000000000011111100000000000000
00000000001110011110000000000000
00000000111110001111000000000000
00000001111100000111100000000000
00000010110000000011110000000000
00000011100000000001111000000000
00000111000000000000111100000000
00000011000000000000010110000000
00000110000000000000001111000000
00000110000000000000000111000000
00000110000000000000000010100000
00000111000000000000000011100000
00000001100000000000000001100000
00000010111000000000000001100000
00000000111111000000000001000000
00000000011111111111110111100000
00000000000111111111111011000000
00000000000000110111111100000000
