00000000000000100000000000000000
00000000000011110000000000000000
00000000000111111000000000000000
00000000000111111111000000000000
00000000000110001011100000000000
00000000001110000001100000000000
00000000001110000001111000000000
00000000000110000000111000000000
00000000001100000000111000000000
00000000001100000000111000000000
00000000001110000000110000000000
00000000001110000001100000000000
00000000000110000011010000000000
00000000000011000110100000000000
00000000000111110111000000000000
00000000000011111100000000000000
00000000000011111000000000000000
00000000000011111100000000000000
00000000001111011110000000000000
00000000011110001011000000000000
00000000111100000111000000000000
00000000111000000011100000000000
00000000111000000001110000000000
00000000111000000001111000000000
00000000111000000000111000000000
00000000011100000000011100000000
00000000011110000000011100000000
00000000001111000000011100000000
00000000000111000000011100000000
00000000000011101110111000000000
00000000000001111111101000000000
00000000000000001110110000000000
