00000000101111111111110000000000
00000001111111111111110000000000
00000000011111111111110000000000
00000001110000000011110000000000
00000001110000000111000000000000
00000001110000001111000000000000
00000001110000000110000000000000
00000001111000011110000000000000
00000000111100110100000000000000
00000000011111111000000000000000
00000000001111110000000000000000
00000000001111100000000000000000
00000000000011110000000000000000
00000000000111111000000000000000
00000000001110111100000000000000
00000000001110011111000000000000
00000000001100000111100000000000
00000000001100000011110000000000
00000000011100000001111000000000
00000000111000000000111000000000
00000000111000000000011100000000
00000000111000000000001100000000
00000000111000000000001110000000
00000000111000000000001110000000
00000000111000000000001110000000
00000000011100000000001110000000
00000000011100000000001110000000
00000000011110000000001100000000
00000000001111000000010110000000
00000000000111111111111100000000
00000000000011111110111000000000
00000000000000111110100000000000
