00000000000001111100000000000000
00000000000101111111000000000000
00000000000111111111000000000000
00000000000110000011000000000000
00000000000110000011000000000000
00000000000110000011000000000000
00000000000110000011000000000000
00000000000111000111000000000000
00000000000111000110000000000000
00000000000011101110000000000000
00000000000011111110000000000000
00000000000001111100000000000000
00000000000000111100000000000000
00000000000000111100000000000000
00000000000000111110000000000000
00000000000001111111000000000000
00000000000011100111000000000000
00000000000111100011000000000000
00000000001111000011100000000000
00000000001110000001110000000000
00000000011100000001110000000000
00000000111100000000011000000000
00000000111000000000011000000000
00000001110000000000011100000000
00000001110000000000001100000000
00000001110000000000001100000000
00000000011000000000001010000000
00000000111100000000001110000000
00000000011110000000001110000000
00000000001111111110110100000000
00000000000111111111111000000000
00000000000001111101100000000000
