00000000111111101000000000000000
00000111111111111010000000000000
00000101111111111111100000000000
00000110000000000010010000000000
00001100000000000001110000000000
00001100000000000000001000000000
00001110000000000000001000000000
00001110000000000000001100000000
00000111000000000000001100000000
00000011100000000000001100000000
00000011100000000000001100000000
00000001110000000000000100000000
00000000111000000111100000000000
00000000011110111111010000000000
00000000001111111011000000000000
00000000011111111000000000000000
00000000101111101110000000000000
00000001101000011111100000000000
00000011110000000110110000000000
00000011100000000001111100000000
00000011000000000000011110000000
00000011000000000000001111000000
00000011000000000000000010100000
00000011100000000000000011100000
00000001110000000000000001100000
00000000110000000000000000100000
00000000111000000000000000110000
00000000011100000000000000100000
00000000011110000000000101000000
00000000000011110000101110000000
00000000000011111111111110000000
00000000000001101111111000000000
