00000000000000111000000000000000
00000000000001111110000000000000
00000000000101111111000000000000
00000000001111110011000000000000
00000000011110000011000000000000
00000000011000000010000000000000
00000000111000000111000000000000
00000000111000000110000000000000
00000000111000001110000000000000
00000000011100011100000000000000
00000000001110111100000000000000
00000000000111111000000000000000
00000000000111110000000000000000
00000000000011110000000000000000
00000000000111111000000000000000
00000000000111111000000000000000
00000000001110011100000000000000
00000000011100001110000000000000
00000000011100000111000000000000
00000000011000000011100000000000
00000000011000000011110000000000
00000000011000000001110000000000
00000000011000000000011000000000
00000000011000000000011000000000
00000000011000000000001000000000
00000000011000000000011100000000
00000000011000000000011100000000
00000000011000000000011100000000
00000000001100000000001000000000
00000000001110000011100000000000
00000000001111111111110000000000
00000000000111110101000000000000
