00000000000000011011000000000000
00000000000000111111110100000000
00000000000101111111111000000000
00000000010111111000111110000000
00000000111110000000001110000000
00000000111100000000011010000000
00000001100000000000111000000000
00000001100000000001111000000000
00000001110000000011101000000000
00000001111000011111100000000000
00000000111100111111000000000000
00000000011111111000000000000000
00000000001111110000000000000000
00000000010111100000000000000000
00000000111111111000000000000000
00000001111001111100000000000000
00000011110000011110000000000000
00000001100000001111000000000000
00000001100000000111110000000000
00000011000000000011111000000000
00000011000000000001111000000000
00000011000000000000011100000000
00000011100000000000001110000000
00000001000000000000001111000000
00000011100000000000000111000000
00000011100000000000000111000000
00000000110000000000000011000000
00000001110000000000000111000000
00000000110100000000000110000000
00000000111111111111111101000000
00000000001111111111111110000000
00000000000011111111101000000000
