00000000000111110000000000000000
00000000001111111110000000000000
00000000001111011111000000000000
00000000111000000111100000000000
00000000011000000011100000000000
00000000111000000001100000000000
00000000111000000001000000000000
00000000111000000011100000000000
00000000111000000011100000000000
00000000111000000110100000000000
00000000011100001100000000000000
00000000011100111110000000000000
00000000000111111100000000000000
00000000011111110000000000000000
00000000111111100000000000000000
00000000111001110000000000000000
00000001110001111000000000000000
00000011100000111110000000000000
00000011000000011111000000000000
00000011000000000111100000000000
00000011000000000011110000000000
00000011000000000001011000000000
00000011000000000000111100000000
00000011100000000000001110000000
00000001100000000000001110000000
00000001110000000000000110000000
00000000100000000000000000000000
00000000110000000000000111100000
00000000111100000000111111000000
00000000011111111111111110000000
00000000001111111111111000000000
00000000000011111110000000000000
