00000000010000000000000000000000
00000000011111000000000000000000
00000000111111101000000000000000
00000000111001111100000000000000
00000001110000001110100000000000
00000001110000000010110000000000
00000001110000000001110000000000
00000000110000000000110000000000
00000001010000000000010000000000
00000000111000000000110000000000
00000000111000000011100000000000
00000000001100000110100000000000
00000000001110001111000000000000
00000000000111111110000000000000
00000000000011111100000000000000
00000000000011111000000000000000
00000000001111111100000000000000
00000000011101011110000000000000
00000000111100001111000000000000
00000001110000000011110000000000
00000011100000000001111000000000
00000011100000000000111000000000
00000011100000000000011100000000
00000011100000000000000110000000
00000011100000000000000010000000
00000011100000000000000111000000
00000011100000000000000111000000
00000001000000000000010100000000
00000001100000000111111110000000
00000001111111111111111000000000
00000001111111111111000000000000
00000000111111100000000000000000
