00000000000001111100000000000000
00000000001111111111111111000000
00000000111111111111110111100000
00000011111111111111110111100000
00000111110000000000000011000000
00000111100000000000000011000000
00000111000000000000001111000000
00000111000000000000111110000000
00000111000000000001111100000000
00000011100000000110110000000000
00000011110000111111100000000000
00000001111111111110000000000000
00000000111111111000000000000000
00000000011111100000000000000000
00000000111111100000000000000000
00000011111011111000000000000000
00000011110000111100000000000000
00000111000000011111000000000000
00000111000000001111100000000000
00000011100000000111110000000000
00000011100000000001111000000000
00000011110000000000011000000000
00000001111000000000011100000000
00000000111000000000000110000000
00000000011100000000001101000000
00000000011110000000000100000000
00000000001111000000000111000000
00000000000111100000000111000000
00000000000011110000000111000000
00000000000001111111110110000000
00000000000000011111111100000000
00000000000000000001110000000000
