00000001111111110111000000000000
00000011111111111111110000000000
00001111111111111011111010000000
00011100000000000000111110000000
00001010000000000000001101000000
00011100000000000000000100100000
00010110000000000000000011100000
00001111100000000000000011100000
00000111110000000000000011100000
00000001111100000000000110000000
00000000111110000000011111000000
00000000011111100001111110000000
00000000000111110011111000000000
00000000000011111111110000000000
00000000000001111111000000000000
00000000000111111111110000000000
00000000001111100011111100000000
00000000010110000000111110000000
00000000111100000000001111100000
00000001111000000000000111110000
00000000110000000000000011110000
00000001110000000000000000110000
00000001110000000000000000111000
00000001110000000000000000111000
00000000110000000000000000111000
00000001111000000000000000111000
00000000101100000000000001110000
00000000011110000000000011110000
00000000011111000000001111100000
00000000001111111111111111000000
00000000000011111111111110000000
00000000000000111111111000000000
