00000000000000111100000000000000
00000000000011111111100000000000
00000000001111111101111000000000
00000000000110000001111100000000
00000000001100000000001001000000
00000000001100000000000011100000
00000000001100000000000001000000
00000000000111000000011111000000
00000000000011100000111100000000
00000000000011110011111000000000
00000000000001111111100000000000
00000000000011111010000000000000
00000000011111111000000000000000
00000001111110001110000000000000
00000001111000000011000000000000
00000001100000000111100000000000
00000010000000000011110000000000
00000111000000000001111000000000
00000111000000000000011000000000
00000111000000000000011100000000
00000001000000000000001110000000
00000011100000000000001110000000
00000011100000000000000111000000
00000001110000000000000111000000
00000001110000000000000011000000
00000000111000000000000011100000
00000000111100000000000011100000
00000000011110000000000011100000
00000000001111100000000011100000
00000000000001111111111111100000
00000000000000111111111010000000
00000000000000001111111100000000
