00000000001111111000000000000000
00000000111111011110000000000000
00000001010111011111000000000000
00000011010000001110000000000000
00000111000000000011000000000000
00000011000000000011000000000000
00001110000000000011000000000000
00001110000000000011000000000000
00001110000000000111000000000000
00001110000000000010000000000000
00001110000000001110000000000000
00001111000000011100000000000000
00000111100000111100000000000000
00000011111001101000000000000000
00000000101111110000000000000000
00000000111111111000000000000000
00000001111111111110000000000000
00000111110000011111100000000000
00000111000000000111110000000000
00001010000000000000111000000000
00001100000000000000011100000000
00001100000000000000001111000000
00001110000000000000000011000000
00000100000000000000000001100000
00000001000000000000000001100000
00000011000000000000000000110000
00000001100000000000000000110000
00000000110000000000000000110000
00000000111010000000000000110000
00000000010111111111111111100000
00000000000101111111111111100000
00000000000000101111111110000000
