00000000000000011000000000000000
00000000011111111110000000000000
00000011111111111111100000000000
00000101111111111011100000000000
00001111000000000001110000000000
00001110000000000000110000000000
00001110000000000000011100000000
00001110000000000000011100000000
00000111100000000000001100000000
00000011110000000000111000000000
00000001111000000011101000000000
00000000111100000111110000000000
00000000011110011111100000000000
00000000001111111110000000000000
00000000001111111000000000000000
00000000111111111000000000000000
00000000111111111100000000000000
00000011111000011110000000000000
00000110100000001111000000000000
00001001000000000111100000000000
00000110000000000011110000000000
00001110000000000001111000000000
00001110000000000000111100000000
00001110000000000000010100000000
00001110000000000000001111000000
00001110000000000000000111100000
00000110000000000000000011100000
00000110100000000000000000110000
00000011011000000000000001110000
00000001011111111111111111100000
00000000110111111111111111110000
00000000000110111111111111000000
