00000000000000111000000000000000
00000000001111111111000000000000
00000011111111111111110000000000
00000111111111111111101000000000
00000111100000000000101000000000
00001110000000000000011110000000
00011100000000000000001110000000
00001100000000000000001110000000
00001110000000000000011100000000
00000111000000000000111100000000
00000111110000000011111000000000
00000010111000001111100000000000
00000000111001111111000000000000
00000000011111111100000000000000
00000000001111110000000000000000
00000000111111110000000000000000
00000000111001111000000000000000
00000000110000111000000000000000
00000001110000011111000000000000
00000001110000000111100000000000
00000001110000000011110000000000
00000001100000000001111100000000
00000001110000000000011110000000
00000001110000000000001111100000
00000001110000000000000111100000
00000001110000000000000001100000
00000000110000000000000000111000
00000000011000000000000000111000
00000000010000000000000011110000
00000000001111111111101111100000
00000000000111111111111111100000
00000000000011111111011000000000
