00000000000000001100000000000000
00000000000011111110000000000000
00000000011111111011100000000000
00000000011111110111110000000000
00000000011000000001100000000000
00000000111000000000111000000000
00000000011000000010000000000000
00000000111100000011100000000000
00000000001110001111100000000000
00000000001111111110000000000000
00000000000111111100000000000000
00000000000111111000000000000000
00000000001111111100000000000000
00000000111110111110000000000000
00000000111100001111000000000000
00000001111000000111000000000000
00000111100000000011110000000000
00000111000000000001111000000000
00001110000000000000111100000000
00001110000000000000011100000000
00001110000000000000001110000000
00001110000000000000001111000000
00001110000000000000000111100000
00001110000000000000000011100000
00001110000000000000000011010000
00000101000000000000000001100000
00000001110000000000000000110000
00000011111100000000000000110000
00000001111111100000000000110000
00000000001111111111111111110000
00000000000001111111111111010000
00000000000000000101111111000000
