00000000000011100000000000000000
00000000011111110000000000000000
00000000111111110000000000000000
00000011000001100000000000000000
00000011000001100000000000000000
00000011000001100000000000000000
00000011100001100000000000000000
00000011100001000000000000000000
00000001110001000000000000000000
00000000111011100000000000000000
00000000011111000000000000000000
00000000001111000000000000000000
00000000001111000000000000000000
00000000001111100000000000000000
00000000011001110000000000000000
00000000111100111100000000000000
00000001111000011110000000000000
00000011110000001111000000000000
00000111000000000011100000000000
00000111000000000001110000000000
00001110000000000000111000000000
00011000000000000000111100000000
00011000000000000000001110000000
00011000000000000000000111000000
00010000000000000000000011100000
00011100000000000000000001110000
00000101000000000000000001110000
00000111100000000000000000111000
00000001111000000000000000010000
00000000011110100000000000011000
00000000000110111111111111111000
00000000000001111111111111110000
