00000000000011010000000000000000
00000001011111111010000000000000
00000111111111111111000000000000
00001011111110011111010000000000
00001111000000000010100000000000
00000010000000000000111000000000
00011100000000000000111000000000
00001110000000000000100000000000
00001111000000000001100000000000
00000011100000000011100000000000
00000011110000000111100000000000
00000011111000010111000000000000
00000001111100111100000000000000
00000000011111111100000000000000
00000000001111100000000000000000
00000000001111111000000000000000
00000000111111111100000000000000
00000001111100111110000000000000
00000011111000011110100000000000
00000111100000000111110000000000
00001111000000000011111100000000
00001110000000000000111110000000
00011100000000000000011111000000
00011100000000000000001111100000
00011100000000000000000011110000
00011100000000000000000001110000
00001110000000000000000000111000
00001111100000000000000000111000
00000011111100000000000001111000
00000011111111111111111111110000
00000000011011111111111111110000
00000000000111111111111110000000
