00000000001100100000000000000000
00000011111101111000000000000000
00000011111101110110000000000000
00000011100001111111000000000000
00001100000000111111100000000000
00011100000000001011111000000000
00011110000000000000111000000000
00001011000000000000011100000000
00000111100000000000011100000000
00000011110000000000100100000000
00000001111000000000110100000000
00000000111100000001101000000000
00000000011111001111010000000000
00000000001111111111000000000000
00000000000011111110000000000000
00000000001011111100000000000000
00000000011111111110000000000000
00000001111100001111100000000000
00000011111000000111110000000000
00000111100000000011111000000000
00000111000000000000111100000000
00000110000000000000011110000000
00001110000000000000001111000000
00001110000000000000000011100000
00000110000000000000000011100000
00001010000000000000000011110000
00000111010000000000000001110000
00000000110111000000000000010000
00000001111111010000000000111000
00000000001111111111111110111000
00000000000001111111111111100000
00000000000000001101111111000000
