00000000000000000000000000000000
00000000000111111110010000000000
00000000001111111111101100000000
00000000001111111110110000000000
00000000011100000000100010000000
00000000011000000000000110000000
00000000011100000000000111000000
00000000001100000000000111000000
00000000011110000000000010000000
00000000001111000000000011000000
00000000000111000000000011000000
00000000000011000000000011000000
00000000000111111111111110000000
00000000111111111111111110000000
00000001111111111111111100000000
00000011100000011110000000000000
00000011100000001110000000000000
00000111000000000111000000000000
00000111000000000011100000000000
00000010000000000011110000000000
00000011100000000001110000000000
00000011000000000000111000000000
00000001100000000000111000000000
00000001110000000000011100000000
00000000111000000000011110000000
00000000001110000000001110000000
00000000001111000000000110000000
00000000000111110000000111000000
00000000000001111100000111000000
00000000000000111111111111100000
00000000000000001111111110000000
00000000000000000000111110000000
