00000000001111100000000000000000
00000000011111111000000000000000
00000000110111111100000000000000
00000001110000011110000000000000
00000000100000001111000000000000
00000001100000000111100000000000
00000000110000000011110000000000
00000001110000000000110110000000
00000000011000000000100110000000
00000000111100000000011100000000
00000000011100000001111100000000
00000000000110000111111000000000
00000000000011001111100000000000
00000000000011011110000000000000
00000000000011111100000000000000
00000000000011111000000000000000
00000000000011111100000000000000
00000000001111011100000000000000
00000000001110001111000000000000
00000000001100000011000000000000
00000000110000000011000000000000
00000000000000000011100000000000
00000000111000000000100000000000
00000000111000000011100000000000
00000000110000000011100000000000
00000000010100000011100000000000
00000000001110000011100000000000
00000000001111000011100000000000
00000000000111100011000000000000
00000000000011111110000000000000
00000000000000111111000000000000
00000000000000010100000000000000
