00000010111000000000000000000000
00000011111100000000000000000000
00000111111111111111110000000000
00010111111111110111110000000000
00111101111111110111111110000000
00111000000000000000010111000000
00111000000000000000001011000000
00011100000000000000011100000000
00011111000000000011111100000000
00001111100000000111110000000000
00000111110000001111100000000000
00000011110100011110000000000000
00000000111110111100000000000000
00000000011111111000000000000000
00000000000111110000000000000000
00000000000111111000000000000000
00000000001111111110000000000000
00000000011111001111000000000000
00000000111100000111110000000000
00000000011100000010111000000000
00000001111000000001111110000000
00000001110000000000001111000000
00000001110000000000001111100000
00000001110000000000000011110000
00000001110000000000000001110000
00000001110000000000000000111000
00000000111000000000000000010000
00000000111111000000000000011100
00000000010110110000000000011000
00000000000111111111111111111000
00000000000001101111111111110000
00000000000000001111111111100000
