00000000000000000001100000000000
00000000000000001101111000000000
00000000000000111111111000000000
00000000000011111100110000000000
00000000000111110000001000000000
00000000000101000000111000000000
00000000001110000000011000000000
00000000011000000000011100000000
00000000011000000000111100000000
00000000011000000001111100000000
00000000011000000001111100000000
00000000011100000011111100000000
00000000011100000111111100000000
00000000001000000101011100000000
00000000011100001110011100000000
00000000001011010000011100000000
00000000000111111000011000000000
00000000000010000000111000000000
00000000000000000000100000000000
00000000000000000001110000000000
00000000000000000001110000000000
00000000000000000011100000000000
00000000000000000000100000000000
00000000000000000110000000000000
00000000000000000100000000000000
00000000000000000100000000000000
00000000000000001110000000000000
00000000000000011100000000000000
00000000000000001100000000000000
00000000000000011100000000000000
00000000000000011000000000000000
00000000000000000000000000000000
