00000000000111000001000000000000
00000000001111110111000000000000
00000000011111111111000000000000
00000000111100000111100000000000
00000000111000000011000000000000
00000001110000000111100000000000
00000011110000001111110000000000
00000011100000001111110000000000
00000010100000001111110000000000
00000010000000000111110000000000
00000111000000001100011000000000
00000111000000001100111000000000
00000111000000011100111000000000
00000100000000011100011000000000
00000011110000111000011100000000
00000000101111111000011100000000
00000000100111100000011100000000
00000000000111000000001110000000
00000000000000000000001100000000
00000000000000000000001110000000
00000000000000000000000110000000
00000000000000000000000111000000
00000000000000000000000111000000
00000000000000000000000100000000
00000000000000000000000011100000
00000000000000000000000011000000
00000000000000000000000011100000
00000000000000000000000011100000
00000000000000000000000011100000
00000000000000000000000011100000
00000000000000000000000011100000
00000000000000000000000011100000
