00000001011111111111010000000000
00000011011111111111111000000000
00000111000000000000100000000000
00000101000000000000000100000000
00000110000000000000001100000000
00001110000000000000000010000000
00001110000000000000000111110000
00000010000000000000000111110000
00000011000000000000000111100000
00000011100000000000000011100000
00000011110000000000000111000000
00000001011111111111111110000000
00000000111111111111111110000000
00000000000011111111111100000000
00000000000000000000011000000000
00000000000000000000111000000000
00000000000000000000111000000000
00000000000000000000110000000000
00000000000000000001100000000000
00000000000000000001100000000000
00000000000000000011100000000000
00000000000000000011100000000000
00000000000000000111000000000000
00000000000000000101000000000000
00000000000000000110000000000000
00000000000000001110000000000000
00000000000000001110000000000000
00000000000000001000000000000000
00000000000000001100000000000000
00000000000000011100000000000000
00000000000000011100000000000000
00000000000000011100000000000000
