00000000000000101111110000000000
00000000000011111111111000000000
00000000011011111111110100000000
00000000111101000000011100000000
00000001100000000000011100000000
00000011100000000000001100000000
00000011100000000000001100000000
00000000100000000000001110000000
00000001100000000000001110000000
00000001110100000000001110000000
00000000011110000000001111000000
00000000000111110000011110000000
00000000000111111111101110000000
00000000000000111111111110000000
00000000000000011111101110000000
00000000000000000000001110000000
00000000000000000000001110000000
00000000000000000000001110000000
00000000000000000000001110000000
00000000000000000000001110000000
00000000000000000000001110000000
00000000000000000000001110000000
00000000000000000000001110000000
00000000000000000000001110000000
00000000000000000000001110000000
00000000000000000000001110000000
00000000000000000000001110000000
00000000000000000000001110000000
00000000000000000000001110000000
00000000000000000000000110000000
00000000000000000000000110000000
00000000000000000000000000000000
