00000000000000011011111000000000
00000000000011111111111000000000
00000000001111111111111110000000
00000000001111000000001110000000
00000000111100000000001110000000
00000000111000000000001110000000
00000001110000000000001110000000
00000001110000000000001110000000
00000001110000000000001110000000
00000001110000000000001110000000
00000000111000000000001100000000
00000000101000000000001100000000
00000000001100000000001100000000
00000000011100000000100100000000
00000000001111000001111100000000
00000000000111111111111100000000
00000000000011111111111100000000
00000000000001111110011100000000
00000000000000000000011000000000
00000000000000000000011000000000
00000000000000000000011000000000
00000000000000000000011000000000
00000000000000000000011000000000
00000000000000000000011000000000
00000000000000000000011000000000
00000000000000000000011000000000
00000000000000000000011000000000
00000000000000000000011000000000
00000000000000000000111000000000
00000000000000000000111000000000
00000000000000000000111000000000
00000000000000000000111000000000
