00000000000000011111110000000000
00000000000110111111111100000000
00000000111111111111101110000000
00000001011100000000000110000000
00000010110000000000000111000000
00000011100000000000000111000000
00000011100000000000000111000000
00000001100000000000000111000000
00000001110000000000000111000000
00000000110000000000000111000000
00000000111000000000000111000000
00000000001110000000000111000000
00000000011111000000001111000000
00000000000011111111111111000000
00000000000011111111010111000000
00000000000000011111000111000000
00000000000000000000000111000000
00000000000000000000000111000000
00000000000000000000000111000000
00000000000000000000000111000000
00000000000000000000000100000000
00000000000000000000000110000000
00000000000000000000000110000000
00000000000000000000001110000000
00000000000000000000000110000000
00000000000000000000001100000000
00000000000000000000000010000000
00000000000000000000001110000000
00000000000000000000001000000000
00000000000000000000001100000000
00000000000000000000011100000000
00000000000000000000011100000000
