00000000000000010111110000000000
00000000000011111111110000000000
00000000000111101111111100000000
00000000001001000000011000000000
00000000011110000000011100000000
00000000010000000000011100000000
00000000111000000000011100000000
00000000111000000000011100000000
00000000111000000000011100000000
00000000011000000000011100000000
00000000111000000000011000000000
00000000011011111111011100000000
00000000001011111111011100000000
00000000000011111111011100000000
00000000000000000000011000000000
00000000000000000000010000000000
00000000000000000000111000000000
00000000000000000000110000000000
00000000000000000000111000000000
00000000000000000000110000000000
00000000000000000001110000000000
00000000000000000001110000000000
00000000000000000001110000000000
00000000000000000001100000000000
00000000000000000001000000000000
00000000000000000011100000000000
00000000000000000011100000000000
00000000000000000011100000000000
00000000000000000001000000000000
00000000000000000001000000000000
00000000000000000011000000000000
00000000000000000011000000000000
