00000000001001111111111000000000
00000000010111111111111100000000
00000000011110000000001110000000
00000000100000000000001110000000
00000000110000000000001110000000
00000000110000000000001110000000
00000000110000000000001110000000
00000000110000000000001110000000
00000000110000000000001100000000
00000000010000000000001100000000
00000000110000000000011100000000
00000000111000000000011100000000
00000000010010000000001100000000
00000000001111111000011000000000
00000000000111011111111000000000
00000000000000010101111000000000
00000000000000000000111000000000
00000000000000000000111000000000
00000000000000000000111000000000
00000000000000000000110000000000
00000000000000000000110000000000
00000000000000000000110000000000
00000000000000000001110000000000
00000000000000000001110000000000
00000000000000000001110000000000
00000000000000000001110000000000
00000000000000000000100000000000
00000000000000000001100000000000
00000000000000000001100000000000
00000000000000000011100000000000
00000000000000000011100000000000
00000000000000000001000000000000
