00000000000000110100000000000000
00000000000001111010000000000000
00000000000101111010000000000000
00000000001100000011100000000000
00000000000100000011111000000000
00000000111000000001111000000000
00000000111000000001111000000000
00000000111000000001111000000000
00000000111000000001111100000000
00000000011000000001111100000000
00000000011100000001111100000000
00000000001110000001111000000000
00000000001110000001111000000000
00000000000111100011110000000000
00000000000011111111110000000000
00000000000001111111100000000000
00000000000000001111100000000000
00000000000000000011100000000000
00000000000000000011000000000000
00000000000000000011000000000000
00000000000000000011000000000000
00000000000000000011000000000000
00000000000000000011000000000000
00000000000000000011000000000000
00000000000000000011000000000000
00000000000000000011000000000000
00000000000000000011000000000000
00000000000000000011000000000000
00000000000000000011000000000000
00000000000000000011000000000000
00000000000000000011000000000000
00000000000000000011000000000000
