00000000000000111111111000000000
00000000000111111111100000000000
00000000011111111111101010000000
00000001110110000000000110000000
00000011111000000000000111000000
00000111100000000000000110000000
00000110000000000000000111000000
00000111000000000000000111000000
00000111000000000000000111000000
00000111000000000000000111000000
00000111000000000000000111000000
00000111000000000000000111000000
00000111000000000000000111100000
00000011000000000000011111000000
00000011100000000011111111000000
00000011111111111011111111000000
00000001011111111111000111000000
00000000011111101100000111000000
00000000000000000000000111000000
00000000000000000000000111000000
00000000000000000000000111000000
00000000000000000000000111000000
00000000000000000000000111000000
00000000000000000000000111000000
00000000000000000000000111000000
00000000000000000000000111000000
00000000000000000000000111000000
00000000000000000000000111000000
00000000000000000000000111000000
00000000000000000000000111000000
00000000000000000000000111000000
00000000000000000000000111000000
