00000000000001110111110000000000
00000000001010111111111000000000
00000000010111111111111100000000
00000000011110000000011100000000
00000000111000000000011100000000
00000000111000000000011100000000
00000000111000000000011100000000
00000000111000000000011100000000
00000000001100000000011100000000
00000000000110000000011100000000
00000000001011000000011100000000
00000000000111001100011100000000
00000000000001011011111000000000
00000000000000001111111000000000
00000000000000000010111000000000
00000000000000000000111000000000
00000000000000000000111000000000
00000000000000000000110000000000
00000000000000000000110000000000
00000000000000000000100000000000
00000000000000000000110000000000
00000000000000000001110000000000
00000000000000000001110000000000
00000000000000000001110000000000
00000000000000000011100000000000
00000000000000000011100000000000
00000000000000000011100000000000
00000000000000000000000000000000
00000000000000000011100000000000
00000000000000000011100000000000
00000000000000000011100000000000
00000000000000000011100000000000
