00000000000000011111111000000000
00000000000011101111111110000000
00000000001011011111111110000000
00000000011111100000001110000000
00000000101100000000001110000000
00000000011000000000011110000000
00000000010000000000101110000000
00000001110000000001101110000000
00000001110000000011111110000000
00000000100000000111101110000000
00000000110000011111001110000000
00000000111001111000001110000000
00000000011111110000001110000000
00000000001110000000001110000000
00000000001100000000001110000000
00000000000000000000001110000000
00000000000000000000001110000000
00000000000000000000001100000000
00000000000000000000001100000000
00000000000000000000001000000000
00000000000000000000011000000000
00000000000000000000011100000000
00000000000000000000001100000000
00000000000000000000001000000000
00000000000000000000011000000000
00000000000000000000111000000000
00000000000000000000111000000000
00000000000000000000111000000000
00000000000000000000010000000000
00000000000000000000010000000000
00000000000000000000111000000000
00000000000000000000000000000000
