00000000000111111111111000000000
00000000011111111111111100000000
00000000111111111111111100000000
00000001111000000000001100000000
00000001100000000000001100000000
00000011100000000000001110000000
00000011100000000000001110000000
00000011100000000000001110000000
00000011100000000000001110000000
00000000100000000000001110000000
00000001100000000000001110000000
00000001110000000000001110000000
00000001111100000000001111000000
00000000011111111111111111000000
00000000001111111111111111000000
00000000000101111111111110000000
00000000000000000000001110000000
00000000000000000000001110000000
00000000000000000000001110000000
00000000000000000000001110000000
00000000000000000000001110000000
00000000000000000000001110000000
00000000000000000000001110000000
00000000000000000000001110000000
00000000000000000000001110000000
00000000000000000000001110000000
00000000000000000000001110000000
00000000000000000000001110000000
00000000000000000000001110000000
00000000000000000000001110000000
00000000000000000000001110000000
00000000000000000000001110000000
