00000000000000011011110000000000
00000000000111111111111000000000
00000000011110111000011100000000
00000000111110000000001100000000
00000000111000000000001100000000
00000000110000000000001100000000
00000000110000000000001100000000
00000000111000000000001100000000
00000000111000000000001100000000
00000000011000000000001100000000
00000000010100000001111100000000
00000000001011111111111100000000
00000000000011111111101100000000
00000000000000000000011100000000
00000000000000000000011100000000
00000000000000000000011100000000
00000000000000000000011100000000
00000000000000000000011000000000
00000000000000000000001000000000
00000000000000000000010000000000
00000000000000000000111000000000
00000000000000000000111000000000
00000000000000000000111000000000
00000000000000000000111000000000
00000000000000000000110000000000
00000000000000000000110000000000
00000000000000000001110000000000
00000000000000000001110000000000
00000000000000000001110000000000
00000000000000000001110000000000
00000000000000000001110000000000
00000000000000000001110000000000
