00000000000000010111000000000000
00000000000011111111111000000000
00000000000111110111111100000000
00000000000111000000011110000000
00000000011100000000000110000000
00000000110000000000000110000000
00000000111000000000000110000000
00000001110000000000000110000000
00000001110000000000001110000000
00000001110000000000001110000000
00000001110000000000001110000000
00000001110000000000011100000000
00000001110000000010001100000000
00000001111000101111111000000000
00000000111111111100111000000000
00000000001111011111110000000000
00000000000000000001110000000000
00000000000000000001100000000000
00000000000000000011000000000000
00000000000000000011100000000000
00000000000000000011000000000000
00000000000000000011000000000000
00000000000000000110000000000000
00000000000000000111000000000000
00000000000000000110000000000000
00000000000000001110000000000000
00000000000000001110000000000000
00000000000000000010000000000000
00000000000000001100000000000000
00000000000000001110000000000000
00000000000000000000000000000000
00000000000000001100000000000000
