00000000011110111000000000000000
00000000111111111100000000000000
00000000111110111111000000000000
00000011100000000111100011000000
00000000000000000011110111000000
00000011000000000001111111000000
00000011000000000001111111000000
00000011000000000001111110000000
00000001110000000011111110000000
00000000010000000111111100000000
00000000111111111111111100000000
00000000001111111101111100000000
00000000000111010000011000000000
00000000000000000000111000000000
00000000000000000001111000000000
00000000000000000001100000000000
00000000000000000011000000000000
00000000000000000111000000000000
00000000000000000010000000000000
00000000000000000010000000000000
00000000000000001110000000000000
00000000000000001110000000000000
00000000000000001110000000000000
00000000000000011100000000000000
00000000000000011100000000000000
00000000000000001100000000000000
00000000000000011000000000000000
00000000000000000000000000000000
00000000000000010000000000000000
00000000000000111000000000000000
00000000000000111000000000000000
00000000000000000000000000000000
