00000000000101111111110000000000
00000000111111111111111110000000
00000000111110111111101111000000
00000000110000000000000111000000
00000011100000000000000111000000
00000011100000000000000111000000
00000011100000000000000111000000
00000001100000000000000110000000
00000001110000000000000110000000
00000001111011111011101110000000
00000000011111111111101110000000
00000000000011111011101110000000
00000000000000000000001100000000
00000000000000000000011100000000
00000000000000000000001000000000
00000000000000000000001000000000
00000000000000000000011000000000
00000000000000000000001000000000
00000000000000000000001000000000
00000000000000000000111000000000
00000000000000000000010000000000
00000000000000000000110000000000
00000000000000000000110000000000
00000000000000000000110000000000
00000000000000000001110000000000
00000000000000000001110000000000
00000000000000000001110000000000
00000000000000000000110000000000
00000000000000000001110000000000
00000000000000000001100000000000
00000000000000000000100000000000
00000000000000000011100000000000
