00000000000000000111110000000000
00000000000011101111110000000000
00000000001111111111111000000000
00000000110101110000111000000000
00000000010100000000001000000000
00000000100000000000011000000000
00000001100000000000011000000000
00000001100000000000011100000000
00000001100000000000011010000000
00000000100000000001111000000000
00000000111000000001111000000000
00000000111111111111011000000000
00000000011111111110011000000000
00000000000000000000011000000000
00000000000000000000011000000000
00000000000000000000011000000000
00000000000000000000011000000000
00000000000000000000011000000000
00000000000000000000011000000000
00000000000000000000011000000000
00000000000000000000011000000000
00000000000000000000011000000000
00000000000000000000111000000000
00000000000000000000111000000000
00000000000000000000100000000000
00000000000000000000110000000000
00000000000000000001010000000000
00000000000000000001110000000000
00000000000000000001110000000000
00000000000000000001100000000000
00000000000000000001100000000000
00000000000000000000000000000000
