00000000000000000001010000000000
00000000000000001111111000000000
00000000000000111111011100000000
00000000000011111110011100000000
00000000000111110000011100000000
00000000010111000000011100000000
00000000011100000000011100000000
00000000011000000000011100000000
00000000011000000000011100000000
00000000011100000000010000000000
00000000011110000000011000000000
00000000001111000000011000000000
00000000000111100000111000000000
00000000000011111000011000000000
00000000000000111110110000000000
00000000000000011111110000000000
00000000000000000011110000000000
00000000000000000001100000000000
00000000000000000011100000000000
00000000000000000011100000000000
00000000000000000011100000000000
00000000000000000111000000000000
00000000000000000111000000000000
00000000000000000111000000000000
00000000000000001110000000000000
00000000000000001100000000000000
00000000000000001100000000000000
00000000000000001000000000000000
00000000000000000000000000000000
00000000000000010000000000000000
00000000000000111000000000000000
00000000000000000000000000000000
