00000000000000111111100000000000
00000000000011111111100000000000
00000000000001110111100000000000
00000000000110000000111000000000
00000000001100000000111000000000
00000000001100000000111000000000
00000000001100000000111000000000
00000000001100000000111000000000
00000000001100000000111000000000
00000000001100000110111000000000
00000000001110001110111000000000
00000000001110011100111000000000
00000000000010011000110000000000
00000000000011101000110000000000
00000000000011000000110000000000
00000000000000000001110000000000
00000000000000000001110000000000
00000000000000000001110000000000
00000000000000000001110000000000
00000000000000000001100000000000
00000000000000000001100000000000
00000000000000000000100000000000
00000000000000000001000000000000
00000000000000000011000000000000
00000000000000000011100000000000
00000000000000000011100000000000
00000000000000000010000000000000
00000000000000000011000000000000
00000000000000000011000000000000
00000000000000000011000000000000
00000000000000000011000000000000
00000000000000000111000000000000
