00000000000011110000000000000000
00000000000111110100000000000000
00000000001111110010000000000000
00000000001000000011110000000000
00000000111000000001111100000000
00000000010000000000011100000000
00000000110000000000001110000000
00000001110000000000001100000000
00000001110000000000001100000000
00000001110000000000001100000000
00000001110000000000001100000000
00000000110000000000001100000000
00000000111000000000001100000000
00000000011000000000001100000000
00000000000111010000011100000000
00000000000011110111111100000000
00000000000000010110111100000000
00000000000000000110001100000000
00000000000000000000001100000000
00000000000000000000001100000000
00000000000000000000001100000000
00000000000000000000001100000000
00000000000000000000001100000000
00000000000000000000001100000000
00000000000000000000001100000000
00000000000000000000001100000000
00000000000000000000001100000000
00000000000000000000001100000000
00000000000000000000001100000000
00000000000000000000001100000000
00000000000000000000001100000000
00000000000000000000001100000000
