00000000001111111000000000000000
00000000011111111110000000000000
00000000111111111110100000000000
00000001110000000101000000000000
00000000010000000011111111000000
00000011100000000000111111000000
00000011100000000000001111000000
00000011100000000000001110000000
00000011100000000000011110000000
00000011100000000000111100000000
00000011100000000011111000000000
00000001101111111111111000000000
00000011111111111111111000000000
00000000111111111101110000000000
00000000000000000001110000000000
00000000000000000001110000000000
00000000000000000011100000000000
00000000000000000011100000000000
00000000000000000011100000000000
00000000000000000111000000000000
00000000000000000111000000000000
00000000000000000111000000000000
00000000000000001110000000000000
00000000000000001110000000000000
00000000000000001110000000000000
00000000000000011100000000000000
00000000000000011100000000000000
00000000000000011100000000000000
00000000000000011100000000000000
00000000000000011100000000000000
00000000000000011000000000000000
00000000000000001000000000000000
