00000000111101110000000000000000
00000010111111110111100000000000
00000111111111111111111011000000
00000110000000000011111111100000
00000110000000000000001111000000
00000110000000000000011111100000
00000110000000000000111110000000
00000010000000000001111100000000
00000111000000000011111000000000
00000111000000011111111000000000
00000011111111111111110000000000
00000001111111111101110000000000
00000000011110100001100000000000
00000000000000000011100000000000
00000000000000000011100000000000
00000000000000000111000000000000
00000000000000000111000000000000
00000000000000000111000000000000
00000000000000001010000000000000
00000000000000001110000000000000
00000000000000001110000000000000
00000000000000001000000000000000
00000000000000011100000000000000
00000000000000011100000000000000
00000000000000011100000000000000
00000000000000011000000000000000
00000000000000011000000000000000
00000000000000111000000000000000
00000000000000011000000000000000
00000000000000100000000000000000
00000000000000000000000000000000
00000000000000110000000000000000
