00000000000001111000000000000000
00000000000111111010000000000000
00000000001110011111000000000000
00000000001000000111100000000000
00000000011000000001111100000000
00000000111000000000011100000000
00000000110000000000111100000000
00000000110000000001111000000000
00000000110000000011111000000000
00000000110000000111110000000000
00000000010000011111110000000000
00000000111111111101100000000000
00000000011111111001100000000000
00000000001110000011100000000000
00000000000000000011000000000000
00000000000000000011000000000000
00000000000000000111000000000000
00000000000000000111000000000000
00000000000000000111000000000000
00000000000000000111000000000000
00000000000000000110000000000000
00000000000000000110000000000000
00000000000000000110000000000000
00000000000000000110000000000000
00000000000000000110000000000000
00000000000000000110000000000000
00000000000000000110000000000000
00000000000000001110000000000000
00000000000000001110000000000000
00000000000000000110000000000000
00000000000000001110000000000000
00000000000000001110000000000000
