00000000000000111111100000000000
00000000000011111111110000000000
00000000000011100011011100000000
00000000001110000000011100000000
00000000011100000000111100000000
00000000011000000001111100000000
00000000111000000001111000000000
00000000111000000011111000000000
00000000110000000111111000000000
00000000110000011100111000000000
00000000110001111100111000000000
00000000111111001000110000000000
00000000011111000001110000000000
00000000010000000001110000000000
00000000000000000001110000000000
00000000000000000001110000000000
00000000000000000001110000000000
00000000000000000001100000000000
00000000000000000001100000000000
00000000000000000011100000000000
00000000000000000011100000000000
00000000000000000011100000000000
00000000000000000011000000000000
00000000000000000011100000000000
00000000000000000011000000000000
00000000000000000011000000000000
00000000000000000000000000000000
00000000000000000000000000000000
00000000000000000111000000000000
00000000000000000010000000000000
00000000000000000111000000000000
00000000000000000010000000000000
