00000000000111111111011000000000
00000000001111111111110000000000
00000000011110000000011100000000
00000000111000000000011110000000
00000000110000000000011100000000
00000000100000000000111100000000
00000001100000000001111100000000
00000001110000000011111100000000
00000001110000000111111000000000
00000001110000001111001000000000
00000000111000011110011000000000
00000000111111111100111000000000
00000000001111111000111000000000
00000000000111000000111000000000
00000000000000000000110000000000
00000000000000000000110000000000
00000000000000000000110000000000
00000000000000000001110000000000
00000000000000000001110000000000
00000000000000000001110000000000
00000000000000000001110000000000
00000000000000000001100000000000
00000000000000000001100000000000
00000000000000000001100000000000
00000000000000000001100000000000
00000000000000000001100000000000
00000000000000000001100000000000
00000000000000000011100000000000
00000000000000000011100000000000
00000000000000000011100000000000
00000000000000000011100000000000
00000000000000000011100000000000
