00000000000011111010000000000000
00000000001111111111110000000000
00000000011111111111010000000000
00000000111000000000111110000000
00000000110000000000001110000000
00000001110000000000001110000000
00000001110000000000011110000000
00000001110000000000011110000000
00000001100000000000111110000000
00000001100000000001111110000000
00000001100000000011111100000000
00000001100000001111101100000000
00000000110000011111001100000000
00000000110001111100011100000000
00000000011111111000011100000000
00000000011111100000011100000000
00000000000000000000011100000000
00000000000000000000011100000000
00000000000000000000011100000000
00000000000000000000011100000000
00000000000000000000011100000000
00000000000000000000011100000000
00000000000000000000011000000000
00000000000000000000011000000000
00000000000000000000011000000000
00000000000000000000011000000000
00000000000000000000011000000000
00000000000000000000011000000000
00000000000000000000111000000000
00000000000000000000111000000000
00000000000000000000111000000000
00000000000000000000000000000000
