00000000000000101111110000000000
00000000000111111111111110000000
00000000011011111111100110000000
00000000111110000000000110000000
00000001111000000000000111000000
00000010100000000000000111000000
00000011000000000000011110000000
00000001000000000000011110000000
00000011000000000011111110000000
00000011000000001011101110000000
00000011000000101101001100000000
00000011111111111100001100000000
00000001111001000000001100000000
00000000000000000000011100000000
00000000000000000000011000000000
00000000000000000000011100000000
00000000000000000000011000000000
00000000000000000000011000000000
00000000000000000000011000000000
00000000000000000000111000000000
00000000000000000000111000000000
00000000000000000000111000000000
00000000000000000000111000000000
00000000000000000000110000000000
00000000000000000000110000000000
00000000000000000001110000000000
00000000000000000001110000000000
00000000000000000001110000000000
00000000000000000001000000000000
00000000000000000001100000000000
00000000000000000011100000000000
00000000000000000001100000000000
