00000000011111111100000000000000
00000000111111111111000000000000
00000001110000000111100100000000
00000011100000000001110111000000
00000011100000000001011111000000
00000011100000000000111111000000
00000011100000000000111111000000
00000001100000000000011111000000
00000001110000000000101110000000
00000001011100000001110110000000
00000000011110000010110110000000
00000000001111100011101110000000
00000000000011001111001110000000
00000000000001011010001110000000
00000000000000001100001100000000
00000000000000000000001100000000
00000000000000000000011100000000
00000000000000000000011100000000
00000000000000000000011100000000
00000000000000000000011100000000
00000000000000000000011000000000
00000000000000000000011000000000
00000000000000000000011000000000
00000000000000000000101000000000
00000000000000000000111000000000
00000000000000000000010000000000
00000000000000000000111000000000
00000000000000000000111000000000
00000000000000000000010000000000
00000000000000000000100000000000
00000000000000000000010000000000
00000000000000000001110000000000
