00000000000010111100000000000000
00000000000111111100100000000000
00000000000110111101100000000000
00000000001110000001111000000000
00000000011100000000111000000000
00000000001100000000011100000000
00000000111000000000011100000000
00000000111000000000011000000000
00000000111000000000111000000000
00000000111000000000111000000000
00000000111000000000111000000000
00000000111000000000110000000000
00000000011010000001110000000000
00000000011101111001110000000000
00000000001111111111110000000000
00000000000001111111100000000000
00000000000000000011100000000000
00000000000000000011100000000000
00000000000000000011100000000000
00000000000000000011000000000000
00000000000000000111000000000000
00000000000000000111000000000000
00000000000000000111000000000000
00000000000000000110000000000000
00000000000000001110000000000000
00000000000000001110000000000000
00000000000000001110000000000000
00000000000000001100000000000000
00000000000000011100000000000000
00000000000000011100000000000000
00000000000000011100000000000000
00000000000000011000000000000000
