00000000000001111111110000000000
00000000000011111111111000000000
00000000000111100000011000000000
00000000001110000000001000000000
00000000011000000000000000000000
00000000011000000000011100000000
00000000111000000000011000000000
00000000011000000001111100000000
00000000110000000011011100000000
00000000110000001111011000000000
00000000110000011110011000000000
00000000110001111100011000000000
00000000011111100000011000000000
00000000011111100000011000000000
00000000001110000000011000000000
00000000000000000000011000000000
00000000000000000000011000000000
00000000000000000000011000000000
00000000000000000000011000000000
00000000000000000000011000000000
00000000000000000000011000000000
00000000000000000000011000000000
00000000000000000000011000000000
00000000000000000000011000000000
00000000000000000000011000000000
00000000000000000000011000000000
00000000000000000000011000000000
00000000000000000000111000000000
00000000000000000000111000000000
00000000000000000000111000000000
00000000000000000000010000000000
00000000000000000000111000000000
