00000000000011110100000000000000
00000000000111110100000000000000
00000000001111110011100000000000
00000000011100000011101110000000
00000000111000000001101110000000
00000000011000000000001110000000
00000001110000000000011110000000
00000001110000000000011110000000
00000001100000000000011000000000
00000001100000000000111100000000
00000001100000000000111000000000
00000001100000000001111000000000
00000001100000000011110000000000
00000001100000001111110000000000
00000001100000111111100000000000
00000001111111111101100000000000
00000000111111010011100000000000
00000000001110000011100000000000
00000000000000000011100000000000
00000000000000000011000000000000
00000000000000000011000000000000
00000000000000000111000000000000
00000000000000000111000000000000
00000000000000000111000000000000
00000000000000000111000000000000
00000000000000000110000000000000
00000000000000001110000000000000
00000000000000001110000000000000
00000000000000000100000000000000
00000000000000001110000000000000
00000000000000001100000000000000
00000000000000001100000000000000
