00000000000011000000000010000000
00000000001111100000000110000000
00000000111111111010000111000000
00000001111000001011001110000000
00000001110000000111111110000000
00000011100000000011111100000000
00000011100000000001111110000000
00000011100000000111111110000000
00000011100000001111001100000000
00000011100000011110001100000000
00000001100000110100011100000000
00000011100111111000011100000000
00000001111111000000011100000000
00000001011100000000011000000000
00000000000000000000011000000000
00000000000000000000011000000000
00000000000000000000011000000000
00000000000000000000011000000000
00000000000000000000111000000000
00000000000000000000111000000000
00000000000000000000111000000000
00000000000000000000110000000000
00000000000000000000110000000000
00000000000000000000110000000000
00000000000000000000110000000000
00000000000000000001110000000000
00000000000000000001110000000000
00000000000000000001100000000000
00000000000000000001100000000000
00000000000000000001100000000000
00000000000000000011100000000000
00000000000000000011100000000000
