00000000001011111110000000000000
00000000011111111111010111000000
00000000111111111111111110000000
00000001111000000000011110000000
00000001110000000000011110000000
00000000110000000000111110000000
00000001100000000000111110000000
00000001100000000001111100000000
00000001100000000011111100000000
00000001100000000111111100000000
00000001110000001111011000000000
00000001110000011110111000000000
00000000101000111000111000000000
00000000011111111000111000000000
00000000001111110000110000000000
00000000000110000001110000000000
00000000000000000001110000000000
00000000000000000001110000000000
00000000000000000001110000000000
00000000000000000001110000000000
00000000000000000001110000000000
00000000000000000001110000000000
00000000000000000011100000000000
00000000000000000011100000000000
00000000000000000011100000000000
00000000000000000011100000000000
00000000000000000001100000000000
00000000000000000001000000000000
00000000000000000011000000000000
00000000000000000100000000000000
00000000000000000111000000000000
00000000000000000000000000000000
