00000000000000000000000000000000
00000000000011111111000000000000
00000000001111000101000000000000
00000000001111000011000000000000
00000000001100000001110000000000
00000000011000000000110000000000
00000000011000000000000000000000
00000000011000000000101000000000
00000000011000000000010000000000
00000000011000000000001000000000
00000000010100000000111100000000
00000000001100000000111100000000
00000000001100000001110000000000
00000000000011000001110000000000
00000000000110000011110000000000
00000000000001111011110000000000
00000000000001111000110000000000
00000000000000000000110000000000
00000000000000000000110000000000
00000000000000000000110000000000
00000000000000000000110000000000
00000000000000000000110000000000
00000000000000000000110000000000
00000000000000000000110000000000
00000000000000000000110000000000
00000000000000000000110000000000
00000000000000000000110000000000
00000000000000000000110000000000
00000000000000000000110000000000
00000000000000000000110000000000
00000000000000000000110000000000
00000000000000000000110000000000
