00000000000000101100000000000000
00000000000011111111100000000000
00000000000111111111100000000000
00000000000111000011100000000000
00000000000110000011100000000000
00000000000110000011100000000000
00000000000110000011100000000000
00000000000111000011100000000000
00000000000111000011100000000000
00000000000001000011100000000000
00000000000011100011100000000000
00000000000011100011100000000000
00000000000001110111100000000000
00000000000001111111100000000000
00000000000000011111100000000000
00000000000000000011100000000000
00000000000000000011100000000000
00000000000000000011100000000000
00000000000000000011100000000000
00000000000000000011100000000000
00000000000000000011100000000000
00000000000000000011100000000000
00000000000000000011100000000000
00000000000000000011100000000000
00000000000000000011100000000000
00000000000000000011100000000000
00000000000000000011100000000000
00000000000000000011100000000000
00000000000000000000100000000000
00000000000000000011000000000000
00000000000000000011000000000000
00000000000000000111000000000000
