00000000000010111111111000000000
00000000111111111111111100000000
00000001101111111111111011000000
00000011000000000000000111000000
00000011000000000000000011000000
00000011100000000000000011000000
00000011000000000000000011000000
00000001100000000000000011000000
00000001100000000000000011000000
00000000110000000000101011000000
00000000110000000011111011000000
00000000011111111111010011000000
00000000011111111111000011000000
00000000001111111000000011000000
00000000000000000000000001000000
00000000000000000000000111000000
00000000000000000000000111000000
00000000000000000000000111000000
00000000000000000000000100000000
00000000000000000000000110000000
00000000000000000000000110000000
00000000000000000000001110000000
00000000000000000000001110000000
00000000000000000000001110000000
00000000000000000000001100000000
00000000000000000000011000000000
00000000000000000000010000000000
00000000000000000000011000000000
00000000000000000000010000000000
00000000000000000000111000000000
00000000000000000000111000000000
00000000000000000000001000000000
