00000000000000000001100000000000
00000000000000000111100000000000
00000000000000001111100000000000
00000000000000011101110000000000
00000000000001111000110000000000
00000000000000000000101000000000
00000000000001000000110000000000
00000000000111000000011000000000
00000000000111000000111000000000
00000000001100000000111000000000
00000000011000000000111000000000
00000000011100000000111000000000
00000000111000000000111000000000
00000000111000000000111000000000
00000000111000000000111100000000
00000000111000000000111100000000
00000000111000000011111100000000
00000000111000001111111000000000
00000000011000111111111000000000
00000000011111011100111000000000
00000000010110010000111000000000
00000000000110000000111000000000
00000000000000000000111000000000
00000000000000000000111000000000
00000000000000000000011000000000
00000000000000000000010000000000
00000000000000000000110000000000
00000000000000000001110000000000
00000000000000000000100000000000
00000000000001111011100000000000
00000000000001111111100000000000
00000000000001111011000000000000
