00000000000000000000100000000000
00000000000000000001100000000000
00000000000000000101110000000000
00000000000000111100100000000000
00000000000001110000110000000000
00000000000011110000110000000000
00000000000111100000110000000000
00000000000111000000110000000000
00000000000110000000110000000000
00000000001100000001110000000000
00000000001100000011110000000000
00000000001100000011110000000000
00000000001100000011110000000000
00000000001110000011110000000000
00000000000110000011110000000000
00000000000011000011110000000000
00000000000011100011110000000000
00000000000001110101110000000000
00000000000001111011110000000000
00000000000000111110110000000000
00000000000000001000110000000000
00000000000000000000110000000000
00000000000000000000110000000000
00000000000000000000110000000000
00000000000000000000110000000000
00000000000000000000110000000000
00000000000000000000000000000000
00000000000000000001110000000000
00000000000000000001110000000000
00000000000000000001110000000000
00000000000000000001110000000000
00000000000000000001110000000000
