00000000000000011111000000000000
00000000000000111111100000000000
00000000000000111001100000000000
00000000000000110001100000000000
00000000000010100001100000000000
00000000000011100001100000000000
00000000000111000001100000000000
00000000000001000001110000000000
00000000001110000001100000000000
00000000001110000011100000000000
00000000001110000011100000000000
00000000000100000111100000000000
00000000000110001101100000000000
00000000000111011101100000000000
00000000000011011001100000000000
00000000000000101001100000000000
00000000000000000001100000000000
00000000000000000001100000000000
00000000000000000001100000000000
00000000000000000001100000000000
00000000000000000001100000000000
00000000000000000001100000000000
00000000000000000001100000000000
00000000000000000001100000000000
00000000000000000001100000000000
00000000000000000001100000000000
00000000000000000001100000000000
00000000000000000001100000000000
00000000000000000001100000000000
00000000000000000001100000000000
00000000000000000001100000000000
00000000000000000001100000000000
