00000000000000000011110000000000
00000000000000010111110000000000
00000000000001111001111100000000
00000000000011111000011100000000
00000000000111100000011100000000
00000000001110000000011100000000
00000000011110000000011100000000
00000000011100000000111100000000
00000000111000000000111100000000
00000000111000000000111100000000
00000000111000000001111100000000
00000000111000000001111100000000
00000000111000000001111100000000
00000000011000000011111100000000
00000000000100000011111100000000
00000000001100000011111100000000
00000000011110000111011100000000
00000000001110000111011100000000
00000000000111001110011100000000
00000000000111001110011100000000
00000000000011111110011100000000
00000000000011111000011100000000
00000000000001110000011100000000
00000000000000100000011100000000
00000000000000000000011100000000
00000000000000000000011100000000
00000000000000000000011100000000
00000000000000000000011100000000
00000000000000000000011100000000
00000000000000000000011100000000
00000000000000000000011100000000
00000000000000000000011100000000
