00000000000000111111101000000000
00000000000111111111110000000000
00000000010111111111111000000000
00000000011111100000111000000000
00000000011100000000111000000000
00000000001100000000111000000000
00000000011110000000111000000000
00000000000111000000111000000000
00000000001111100000111000000000
00000000000101110000111000000000
00000000000001111100111000000000
00000000000000111111111000000000
00000000000000001111111000000000
00000000000000000111111000000000
00000000000000000000111000000000
00000000000000000000111000000000
00000000000000000000111000000000
00000000000000000000111000000000
00000000000000000001100000000000
00000000000000000001110000000000
00000000000000000001110000000000
00000000000000000001110000000000
00000000000000000001110000000000
00000000000000000001100000000000
00000000000000000011100000000000
00000000000000000011100000000000
00000000000000000001100000000000
00000000000000000011100000000000
00000000000000000011100000000000
00000000000000000011100000000000
00000000000000000011100000000000
00000000000000000011100000000000
