00000000000011111100000000000000
00000000000111111101100000000000
00000000011111111101110000000000
00000000011000000001110000000000
00000000011000000000001000000000
00000000000000000000011100000000
00000000011110000000011100000000
00000000001111000000011100000000
00000000000111100000011100000000
00000000000011010000100000000000
00000000000001111100110000000000
00000000000000011100001000000000
00000000000000001100110000000000
00000000000000000000110000000000
00000000000000000001100000000000
00000000000000000011100000000000
00000000000000000011100000000000
00000000000000000011100000000000
00000000000000000011100000000000
00000000000000000011100000000000
00000000000000000001000000000000
00000000000000000010000000000000
00000000000000000111000000000000
00000000000000000111000000000000
00000000000000000111000000000000
00000000000000000111000000000000
00000000000000000111000000000000
00000000000000000111000000000000
00000000000000000111000000000000
00000000000000000111000000000000
00000000000000000111000000000000
00000000000000000111000000000000
