00000000001111111100000000000000
00000000001111111111110000000000
00000000111111111101111100000000
00000001110000000001111000000000
00000000100000000000011111000000
00000001100000000000001111000000
00000000100000000000001111000000
00000011100000000000001111000000
00000011100000000000001111000000
00000011100000000000011111000000
00000011100000000000011110000000
00000001100000000000011110000000
00000000111000000000011100000000
00000001111100000000011110000000
00000000011110101100011100000000
00000000000111111111111100000000
00000000000000000111111100000000
00000000000000000000011100000000
00000000000000000000011100000000
00000000000000000000011100000000
00000000000000000000011100000000
00000000000000000000010100000000
00000000000000000000011100000000
00000000000000000000010000000000
00000000000000000000011000000000
00000000000000000000111000000000
00000000000000000000111000000000
00000000000000000000111000000000
00000000000000000000111000000000
00000000000000000000001000000000
00000000000000000000110000000000
00000000000000000000000000000000
