00000000000000011111101000000000
00000000001101111111111000000000
00000000011111101111101110000000
00000000110100000000000110000000
00000001110000000000001110000000
00000001110000000000001110000000
00000000101000000000001110000000
00000000011000000000001110000000
00000000011110000000001110000000
00000000001110100000001110000000
00000000000011111000001110000000
00000000000001111111011110000000
00000000000000001111111110000000
00000000000000000011111110000000
00000000000000000000001110000000
00000000000000000000001110000000
00000000000000000000001110000000
00000000000000000000001110000000
00000000000000000000001110000000
00000000000000000000001110000000
00000000000000000000001110000000
00000000000000000000001110000000
00000000000000000000001110000000
00000000000000000000001110000000
00000000000000000000001110000000
00000000000000000000001110000000
00000000000000000000001110000000
00000000000000000000000110000000
00000000000000000000001110000000
00000000000000000000000100000000
00000000000000000000001100000000
00000000000000000000011100000000
