00000000000011111010000000000000
00000000000011111111110000000000
00000000001100000011111000000000
00000000001100000000011000000000
00000000011100000000111000000000
00000000011100000000111000000000
00000000011100000000111000000000
00000000011100000000110000000000
00000000001100000001110000000000
00000000001100000001110000000000
00000000001111100011000000000000
00000000001110110011100000000000
00000000001111010011000000000000
00000000000000010111000000000000
00000000000000011111000000000000
00000000000000001110000000000000
00000000000000001110000000000000
00000000000000001100000000000000
00000000000000001100000000000000
00000000000000001000000000000000
00000000000000010100000000000000
00000000000000111000000000000000
00000000000000111000000000000000
00000000000000111000000000000000
00000000000000110000000000000000
00000000000001110000000000000000
00000000000001110000000000000000
00000000000001110000000000000000
00000000000000000000000000000000
00000000000001110000000000000000
00000000000001110000000000000000
00000000000001110000000000000000
