00000000000000000100000000000001
00000000000000111111100000000001
00000000000001111101100000000001
00000000000010100001100000000001
00000000000111000001100000000001
00000000000110000001100000000001
00000000000110000001100000000001
00000000000111000011100000000001
00000000000011000011100000000001
00000000000011100001000000000001
00000000000001100011000000000001
00000000000000110111000000000001
00000000000000011111000000000001
00000000000000001110000000000001
00000000000000001110000000000001
00000000000000001100000000000001
00000000000000001100000000000001
00000000000000001100000000000001
00000000000000001110000000000001
00000000000000001110000000000001
00000000000000001110000000000001
00000000000000000110000000000001
00000000000000000110000000000001
00000000000000000110000000000001
00000000000000000110000000000001
00000000000000000110000000000001
00000000000000000111000000000001
00000000000000000111000000000001
00000000000000000111000000000001
00000000000000000111000000000001
00000000000000000011000000000001
00000000000000000011000000000001
