00000000000000010111100000000000
00000000000101111111111000000000
00000000001101111111111000000000
00000000011110000000011000000000
00000000001100000000001000000000
00000000011000000000111000000000
00000000011100000000111000000000
00000000011100000001110000000000
00000000010100000001110000000000
00000000001110000011100000000000
00000000000111000011000000000000
00000000000011000111000000000000
00000000000011100111000000000000
00000000000000111110000000000000
00000000000000111110000000000000
00000000000000111100000000000000
00000000000000011100000000000000
00000000000000011100000000000000
00000000000000011100000000000000
00000000000000011000000000000000
00000000000000110000000000000000
00000000000000111000000000000000
00000000000000111000000000000000
00000000000000111000000000000000
00000000000000111000000000000000
00000000000000010000000000000000
00000000000000110000000000000000
00000000000001110000000000000000
00000000000001110000000000000000
00000000000001100000000000000000
00000000000001110000000000000000
00000000000001110000000000000000
