00000000001111111111110000000000
00000000011111111111110000000000
00000000001000000000110000000000
00000000011100000000110000000000
00000000011100000000111000000000
00000000001100000000110000000000
00000000001100000000100000000000
00000000001110000001100000000000
00000000000110000011100000000000
00000000000111000111000000000000
00000000000011000101000000000000
00000000000001001110000000000000
00000000000011101100000000000000
00000000000001101000000000000000
00000000000001111000000000000000
00000000000000011000000000000000
00000000000000110000000000000000
00000000000000110000000000000000
00000000000001110000000000000000
00000000000001110000000000000000
00000000000000110000000000000000
00000000000001110000000000000000
00000000000001100000000000000000
00000000000001100000000000000000
00000000000001100000000000000000
00000000000001100000000000000000
00000000000011100000000000000000
00000000000011100000000000000000
00000000000011100000000000000000
00000000000011100000000000000000
00000000000011100000000000000000
00000000000011100000000000000000
