00000000011111111110000000000000
00000000011111111111100000000000
00000000011000001010110000000000
00000000011000000000001000000000
00000000001100000000111000000000
00000000011100000000011100000000
00000000001100000000011100000000
00000000001100000000011100000000
00000000000110000000010000000000
00000000000111000000111000000000
00000000000111000001110000000000
00000000000011100001110000000000
00000000000011100011000000000000
00000000000001100011000000000000
00000000000001111110000000000000
00000000000000111100000000000000
00000000000000111000000000000000
00000000000000011000000000000000
00000000000000010000000000000000
00000000000000001000000000000000
00000000000000011000000000000000
00000000000000011000000000000000
00000000000000111000000000000000
00000000000000111000000000000000
00000000000000111000000000000000
00000000000000111000000000000000
00000000000000111000000000000000
00000000000000111000000000000000
00000000000000111000000000000000
00000000000000111000000000000000
00000000000000111000000000000000
00000000000000111000000000000000
