00000000000000000111000000000000
00000000000000101111100000000000
00000000000001111111110000000000
00000000000011001000111000000000
00000000000110100000111000000000
00000000000111000000111000000000
00000000000110000000111000000000
00000000000110000000111000000000
00000000000110000000111000000000
00000000000110000000111000000000
00000000000010000000111000000000
00000000000110000000111000000000
00000000000100000001111000000000
00000000000011000001111000000000
00000000000111000001110000000000
00000000000100100011110000000000
00000000000010111111100000000000
00000000000001111110110000000000
00000000000000111101110000000000
00000000000000000001110000000000
00000000000000000000110000000000
00000000000000000001110000000000
00000000000000000000100000000000
00000000000000000001100000000000
00000000000000000001100000000000
00000000000000000001000000000000
00000000000000000011100000000000
00000000000000000011100000000000
00000000000000000001000000000000
00000000000010000111000000000000
00000000000011111010000000000000
00000000000011101100000000000000
