00000000000000000101110000000000
00000000000001011111111000000000
00000000000011101011111000000000
00000000001111110000011100000000
00000000010110000000011100000000
00000000111100000000010100000000
00000000111000000000111000000000
00000000001000000001111000000000
00000000011000000001110000000000
00000000011100000001110000000000
00000000001110000011100000000000
00000000000011000011100000000000
00000000000011000111000000000000
00000000000011110111000000000000
00000000000001111110000000000000
00000000000000011010000000000000
00000000000000011000000000000000
00000000000000011000000000000000
00000000000000011100000000000000
00000000000000001000000000000000
00000000000000111000000000000000
00000000000000111000000000000000
00000000000000111000000000000000
00000000000000111000000000000000
00000000000000111000000000000000
00000000000000111000000000000000
00000000000000111000000000000000
00000000000000111000000000000000
00000000000000111000000000000000
00000000000000111000000000000000
00000000000000111000000000000000
00000000000000111000000000000000
