00000000000010110000000000000000
00000000000110111110000000000000
00000000000111111111000000000000
00000000001010000000110000000000
00000000001110000001110000000000
00000000001110000001110000000000
00000000001110000001110000000000
00000000000001000001100000000000
00000000000011100001010000000000
00000000000000110011100000000000
00000000000001011011000000000000
00000000000000111100000000000000
00000000000000001110000000000000
00000000000000000110000000000000
00000000000000000111000000000000
00000000000000000010000000000000
00000000000000000011100000000000
00000000000000000011100000000000
00000000000000000011100000000000
00000000000000000000000000000000
00000000000000000001100000000000
00000000000000000001100000000000
00000000000000000001100000000000
00000000000000000001100000000000
00000000000000000001100000000000
00000000000000000001100000000000
00000000000000000001100000000000
00000000000000000001100000000000
00000000000000000001100000000000
00000000000000000001100000000000
00000000000000000000000000000000
00000000000000000000000000000000
