00000000000000000011101000000000
00000000000000111111110000000000
00000000000011111011111100000000
00000000001111010000011100000000
00000000011011000000001100000000
00000000110000000000001100000000
00000000111000000000001100000000
00000000111000000000011100000000
00000000011000000000001000000000
00000000001100000000011000000000
00000000001110000000111000000000
00000000000111100000111000000000
00000000000011110001110000000000
00000000000001111011110000000000
00000000000000111111100000000000
00000000000000001111000000000000
00000000000000000111000000000000
00000000000000000111000000000000
00000000000000000001000000000000
00000000000000000001000000000000
00000000000000000011100000000000
00000000000000000001100000000000
00000000000000000001100000000000
00000000000000000001100000000000
00000000000000000001100000000000
00000000000000000001110000000000
00000000000000000001110000000000
00000000000000000001110000000000
00000000000000000001110000000000
00000000000000000001110000000000
00000000000000000000110000000000
00000000000000000001110000000000
