00000000001111111111100000000000
00000000001111111111110000000000
00000000011111111111110000000000
00000000011100000000111000000000
00000000011000000000111000000000
00000000000000000000111000000000
00000000001110000000111000000000
00000000001110000000110000000000
00000000000110000000110000000000
00000000000111000001110000000000
00000000000111000011110000000000
00000000000011100011100000000000
00000000000011100011000000000000
00000000000001100111000000000000
00000000000000101110000000000000
00000000000000101100000000000000
00000000000000010100000000000000
00000000000000011100000000000000
00000000000000011000000000000000
00000000000000111000000000000000
00000000000000011000000000000000
00000000000000111000000000000000
00000000000000110000000000000000
00000000000000110000000000000000
00000000000000110000000000000000
00000000000000110000000000000000
00000000000000110000000000000000
00000000000000000000000000000000
00000000000000110000000000000000
00000000000000110000000000000000
00000000000000110000000000000000
00000000000000110000000000000000
