00000000000001111111000000000000
00000000011111111111100000000000
00000001010101101111110000000000
00000001101000000000111110000000
00000011100000000000001110000000
00000011100000000000000101000000
00000001100000000000000111000000
00000001110000000000000111000000
00000001100000000000000110000000
00000000111000000000000110000000
00000000011100000000001010000000
00000000011101000000011100000000
00000000000111000000011100000000
00000000000011110000011000000000
00000000000001111101111000000000
00000000000000010001110000000000
00000000000000000011100000000000
00000000000000000001000000000000
00000000000000000111000000000000
00000000000000000111000000000000
00000000000000001110000000000000
00000000000000001110000000000000
00000000000000011100000000000000
00000000000000011100000000000000
00000000000000010100000000000000
00000000000000011000000000000000
00000000000000011000000000000000
00000000000000110000000000000000
00000000000000111000000000000000
00000000000000111000000000000000
00000000000000111000000000000000
00000000000000111000000000000000
