00000000000011111110000000000000
00000000000011111110000000000000
00000000000011111101110000000000
00000000001110000001110000000000
00000000001110000001110000000000
00000000001110000001100000000000
00000000001110000011100000000000
00000000001110000011100000000000
00000000000110000011000000000000
00000000000110001110000000000000
00000000000111001110000000000000
00000000000111001100000000000000
00000000000011011100000000000000
00000000000011011000000000000000
00000000000001011000000000000000
00000000000001110000000000000000
00000000000000110000000000000000
00000000000000110000000000000000
00000000000000110000000000000000
00000000000000110000000000000000
00000000000000110000000000000000
00000000000000110000000000000000
00000000000000110000000000000000
00000000000000110000000000000000
00000000000000110000000000000000
00000000000000110000000000000000
00000000000000110000000000000000
00000000000000110000000000000000
00000000000000110000000000000000
00000000000000110000000000000000
00000000000000110000000000000000
00000000000000110000000000000000
