00000000000101111111100000000000
00000000011111111111110000000000
00000000001111111111111000000000
00000000011000000000011000000000
00000000001000000000011000000000
00000000001100000000011000000000
00000000001100000000111000000000
00000000000111100000111000000000
00000000000001110000110000000000
00000000000000111001100000000000
00000000000000100111110000000000
00000000000000001011100000000000
00000000000000000011000000000000
00000000000000000001100000000000
00000000000000000011100000000000
00000000000000000011100000000000
00000000000000000011000000000000
00000000000000000011000000000000
00000000000000000011000000000000
00000000000000000011000000000000
00000000000000000011000000000000
00000000000000000111000000000000
00000000000000000111000000000000
00000000000000000111000000000000
00000000000000000111000000000000
00000000000000000111000000000000
00000000000000000111000000000000
00000000000000000111000000000000
00000000000000000111000000000000
00000000000000000111000000000000
00000000000000000111000000000000
00000000000000000000000000000000
