00000000000101100000000000000000
00000000000111111011000000000000
00000000011100001111110000000000
00000000011000000011110000000000
00000000011000000000111000000000
00000000011000000001111000000000
00000000011000000111110000000000
00000000011000001111000000000000
00000000011100001110000000000000
00000000011110111000000000000000
00000000011111100000000000000000
00000000000011000000000000000000
00000000000011100000000000000000
00000000000011000000000000000000
00000000000011000000000000000000
00000000000111000000000000000000
00000000000111000000000000000000
00000000000110000000000000000000
00000000000111000000000000000000
00000000000111000000000000000000
00000000000111000000000000000000
00000000000111000000000000000000
00000000000111000000000000000000
00000000000111000000000000000000
00000000000111000000000000000000
00000000000111000000000000000000
00000000000111000000000000000000
00000000000010000000000000000000
00000000000111000000000000000000
00000000000000000000000000000000
00000000000110000000000000000000
00000000000000000000000000000000
