00000000000011111000000000000000
00000000001111110100000000000000
00000000000100011111000000000000
00000000000010000111100000000000
00000000000111000001100000000000
00000000000111000001110000000000
00000000000011000001110000000000
00000000000011100001110000000000
00000000000001110001110000000000
00000000000001110001110000000000
00000000000001110001100000000000
00000000000000111001100000000000
00000000000000111011100000000000
00000000000000011011100000000000
00000000000000011110000000000000
00000000000000001111000000000000
00000000000000000110000000000000
00000000000000000110000000000000
00000000000000000110000000000000
00000000000000000110000000000000
00000000000000000110000000000000
00000000000000000110000000000000
00000000000000000110000000000000
00000000000000000110000000000000
00000000000000000110000000000000
00000000000000000110000000000000
00000000000000000110000000000000
00000000000000000110000000000000
00000000000000000110000000000000
00000000000000000110000000000000
00000000000000000110000000000000
00000000000000000110000000000000
