00000000000000111110000000000000
00000000000101111110100000000000
00000000111111111110111000000000
00000000111100000000111100000000
00000001110000000000011000000000
00000001110000000000001100000000
00000000111000000000001110000000
00000000111000000000001110000000
00000000011100000000001110000000
00000000001111000000001110000000
00000000000111100000001110000000
00000000000011010000001110000000
00000000000001111100001110000000
00000000000000111101101110000000
00000000000000001011101100000000
00000000000000000001101100000000
00000000000000000000011100000000
00000000000000000000011100000000
00000000000000000000011100000000
00000000000000000000011100000000
00000000000000000000011100000000
00000000000000000000011000000000
00000000000000000000011000000000
00000000000000000000111000000000
00000000000000000000111000000000
00000000000000000000111000000000
00000000000000000000111000000000
00000000000000000000111000000000
00000000000000000000110000000000
00000000000000000000010000000000
00000000000000000000110000000000
00000000000000000000110000000000
